1:ItNr	2:Metric	3a:Time	3b:StepSize	4:||Gradient||	Time[ms]
0	-0.428478	0.000000	0.806462	0.015253	283.3
1	-0.428453	0.000000	0.806462	0.076246	1.8
2	-0.441391	0.000000	0.806462	0.043756	1.7
3	-0.431201	0.000000	0.806462	0.047366	1.6
4	-0.419082	0.000000	0.806462	0.056390	2.1
5	-0.415292	0.000000	0.806462	0.055522	2.7
6	-0.433735	0.000000	0.806462	0.042582	1.7
7	-0.398464	0.000000	0.806462	0.048959	1.6
8	-0.404203	0.000000	0.806462	0.038560	1.5
9	-0.430506	0.000000	0.806462	0.035717	1.7
10	-0.440458	0.000000	0.806462	0.042721	1.6
11	-0.414442	0.000000	0.806462	0.032283	1.6
12	-0.418273	0.000000	0.806462	0.037018	2.3
13	-0.437059	0.000000	0.806462	0.035108	2.4
14	-0.429366	0.000000	0.806462	0.029849	1.6
15	-0.435301	0.000000	0.806462	0.040186	1.6
16	-0.459662	0.000000	0.806462	0.024902	1.7
17	-0.435014	0.000000	0.806462	0.031500	1.8
18	-0.468040	0.706987	0.780196	0.046007	1.6
19	-0.418195	1.120871	0.765598	0.022276	2.2
20	-0.430897	2.066241	0.734220	0.039545	2.4
21	-0.454718	1.766936	0.743873	0.046426	2.7
22	-0.439072	1.412963	0.755621	0.030925	1.8
23	-0.438847	2.412963	0.723347	0.031671	1.8
24	-0.409839	2.058989	0.734451	0.030356	1.8
25	-0.417346	3.058989	0.703924	0.027742	2.0
26	-0.414828	4.054653	0.675950	0.005323	2.0
27	-0.432011	3.777766	0.683504	0.022727	1.7
28	-0.416148	3.638876	0.687357	0.033472	1.6
29	-0.430525	3.285522	0.697358	0.021160	1.6
30	-0.451880	4.272209	0.670131	0.011463	2.0
31	-0.420949	4.946765	0.652710	0.025031	1.7
32	-0.433980	5.928551	0.628912	0.024127	1.6
33	-0.437209	5.574618	0.637289	0.011569	2.9
34	-0.439102	5.767238	0.632703	0.041827	1.8
35	-0.474383	5.565169	0.637515	0.011546	1.6
36	-0.409208	5.211375	0.646120	0.014798	1.6
37	-0.448422	4.913161	0.653556	0.011642	1.6
38	-0.411171	5.315120	0.643573	0.020230	1.8
39	-0.440941	6.234496	0.621847	0.012941	1.8
40	-0.420346	6.395614	0.618190	0.026026	1.7
41	-0.411475	7.327577	0.597852	0.035156	4.1
42	-0.454500	8.327577	0.577467	0.020555	1.8
43	-0.397594	9.327570	0.558426	0.022327	1.8
44	-0.424229	10.288429	0.541277	0.019778	1.7
45	-0.413261	9.938423	0.547400	0.018126	1.6
46	-0.425639	9.618054	0.553128	0.015110	1.6
47	-0.428532	9.348550	0.558040	0.030236	1.6
48	-0.462713	9.000707	0.564510	0.032144	2.6
49	-0.456377	8.664003	0.570918	0.045133	1.9
50	-0.432469	8.693902	0.570343	0.028530	1.6
51	-0.459417	8.339928	0.577224	0.045007	1.5
52	-0.433199	7.985955	0.584273	0.041377	1.5
53	-0.446296	7.631981	0.591496	0.031861	1.7
54	-0.438038	7.278030	0.598900	0.029995	1.6
55	-0.432450	8.247352	0.579051	0.046187	1.5
56	-0.429001	7.894654	0.586119	0.053872	2.8
57	-0.443534	7.540680	0.593388	0.053452	1.7
58	-0.424972	7.186707	0.600840	0.031057	1.9
59	-0.435486	6.832733	0.608481	0.055063	1.6
60	-0.435798	6.478787	0.616319	0.051124	1.5
61	-0.430186	6.124814	0.624362	0.041260	1.5
62	-0.422255	5.770840	0.632617	0.037136	1.6
63	-0.435323	5.416866	0.641094	0.036062	1.7
64	-0.455668	5.062893	0.649801	0.045233	1.8
65	-0.421979	4.708919	0.658748	0.023666	1.8
66	-0.449711	4.354945	0.667945	0.037192	1.8
67	-0.471262	4.000972	0.677402	0.032104	1.6
68	-0.473523	3.646998	0.687130	0.018777	1.9
69	-0.461014	3.293054	0.697142	0.030258	1.6
70	-0.427914	2.939735	0.707431	0.039942	1.6
71	-0.441283	2.585761	0.718048	0.029815	2.3
72	-0.466608	2.231787	0.728988	0.031973	2.2
73	-0.423623	1.877814	0.740267	0.034141	1.8
74	-0.465859	1.523920	0.751898	0.037200	1.6
75	-0.461125	1.169946	0.763904	0.026263	2.5
76	-0.433053	0.815973	0.776298	0.042026	2.4
77	-0.431231	1.813330	0.742360	0.012303	3.2
78	-0.422313	1.460546	0.754020	0.035576	2.6
79	-0.438915	1.106789	0.766086	0.018155	2.5
80	-0.428690	0.752926	0.778548	0.032570	2.3
81	-0.445367	0.400238	0.791379	0.051526	2.1
82	-0.490689	0.046265	0.804689	0.035801	2.7
83	-0.443617	0.000000	0.806462	0.026470	3.3
84	-0.428618	0.000000	0.806462	0.030406	2.2
85	-0.458108	0.000000	0.806462	0.033032	1.8
86	-0.476227	0.000000	0.806462	0.050311	1.6
87	-0.448471	0.000000	0.806462	0.044087	1.5
88	-0.450995	0.000000	0.806462	0.018003	1.6
89	-0.437123	0.000000	0.806462	0.031675	1.5
90	-0.411855	0.000000	0.806462	0.017951	2.3
91	-0.446786	0.000000	0.806462	0.040747	1.6
92	-0.430595	0.000000	0.806462	0.033306	1.8
93	-0.458003	0.000000	0.806462	0.046243	1.9
94	-0.461281	0.000000	0.806462	0.030286	1.7
95	-0.459600	0.000000	0.806462	0.044135	1.5
96	-0.456843	0.000000	0.806462	0.028115	1.5
97	-0.466357	0.000000	0.806462	0.033837	1.5
98	-0.450058	0.000000	0.806462	0.029296	3.1
99	-0.436910	0.000000	0.806462	0.022606	1.7
100	-0.477825	0.000000	0.806462	0.047259	1.6
101	-0.458686	0.000000	0.806462	0.026208	1.8
102	-0.465353	0.000000	0.806462	0.022679	1.9
103	-0.465821	0.000000	0.806462	0.031846	1.6
104	-0.450273	0.000000	0.806462	0.037301	1.5
105	-0.458258	0.000000	0.806462	0.020594	1.5
106	-0.460278	0.000000	0.806462	0.040388	1.7
107	-0.468059	0.000000	0.806462	0.036050	1.9
108	-0.461801	0.000000	0.806462	0.031773	1.8
109	-0.448285	0.000000	0.806462	0.021700	1.6
110	-0.462359	0.000000	0.806462	0.033098	1.5
111	-0.484948	0.000000	0.806462	0.030301	1.5
112	-0.482329	0.000000	0.806462	0.032389	1.8
113	-0.467680	0.000000	0.806462	0.031809	2.4
114	-0.494365	0.000000	0.806462	0.048676	1.8
115	-0.494984	0.000000	0.806462	0.030583	1.6
116	-0.461059	0.000000	0.806462	0.034081	1.5
117	-0.473209	0.000000	0.806462	0.035273	2.0
118	-0.480215	0.091788	0.802952	0.035156	1.6
119	-0.481401	0.000000	0.806462	0.008124	1.5
120	-0.484175	0.000000	0.806462	0.024930	1.5
121	-0.492133	0.000000	0.806462	0.017126	2.2
122	-0.488617	0.000000	0.806462	0.037959	2.2
123	-0.463841	0.000000	0.806462	0.030027	1.6
124	-0.476033	0.000000	0.806462	0.023291	1.5
125	-0.500789	0.000000	0.806462	0.040167	2.0
126	-0.489471	0.000000	0.806462	0.049686	1.8
127	-0.466751	0.000000	0.806462	0.036911	1.9
128	-0.475745	0.000000	0.806462	0.027798	1.6
129	-0.491542	0.000000	0.806462	0.044592	2.1
130	-0.477383	0.990717	0.770130	0.034795	1.7
131	-0.468835	1.988656	0.736698	0.034628	1.7
132	-0.473998	1.634682	0.748219	0.019620	1.6
133	-0.487206	1.280712	0.760106	0.030566	1.8
134	-0.487869	0.929682	0.772273	0.021871	1.8
135	-0.498515	0.576676	0.784908	0.013750	1.6
136	-0.473185	0.974895	0.770684	0.023623	1.7
137	-0.456646	1.342913	0.757990	0.054793	1.9
138	-0.479676	0.988939	0.770192	0.033744	1.7
139	-0.478132	0.634965	0.782793	0.035611	1.6
140	-0.496491	0.280992	0.795814	0.030835	1.6
141	-0.475304	0.000000	0.806462	0.029381	2.3
142	-0.483910	0.000000	0.806462	0.019874	1.9
143	-0.470713	0.000000	0.806462	0.037747	1.6
144	-0.485440	0.000000	0.806462	0.033889	2.6
145	-0.462436	0.000000	0.806462	0.030906	1.9
146	-0.487481	0.000000	0.806462	0.033640	1.6
147	-0.474353	0.000000	0.806462	0.031068	1.5
148	-0.484471	0.000000	0.806462	0.021275	1.7
149	-0.486828	0.000000	0.806462	0.018090	1.7
150	-0.505827	0.000000	0.806462	0.028797	2.1
151	-0.484391	0.000000	0.806462	0.043351	2.0
152	-0.469096	0.000000	0.806462	0.055858	1.6
153	-0.513960	0.000000	0.806462	0.038026	1.5
154	-0.488821	0.000000	0.806462	0.037189	1.5
155	-0.484286	0.000000	0.806462	0.035496	1.9
156	-0.516000	0.000000	0.806462	0.029513	1.9
157	-0.498291	0.000000	0.806462	0.048942	1.8
158	-0.480444	0.000000	0.806462	0.038489	1.5
159	-0.477907	0.000000	0.806462	0.032094	1.8
160	-0.500134	0.000000	0.806462	0.058378	2.1
161	-0.479210	0.000000	0.806462	0.041645	1.8
162	-0.473765	0.000000	0.806462	0.045775	1.6
163	-0.496896	1.000000	0.769805	0.034461	1.6
164	-0.490327	2.000000	0.736335	0.032585	1.7
165	-0.488348	1.646179	0.747839	0.013065	2.1
166	-0.516896	2.384359	0.724232	0.025199	1.8
167	-0.486516	2.555341	0.718975	0.028907	2.5
168	-0.502707	3.541556	0.690083	0.027320	2.6
169	-0.479374	3.187590	0.700181	0.023049	2.1
170	-0.505006	3.707524	0.685447	0.021812	2.0
171	-0.462736	4.622936	0.660959	0.025067	2.4
172	-0.481955	4.269568	0.670201	0.031053	3.7
173	-0.514509	5.260551	0.644910	0.016052	2.4
174	-0.502788	4.907921	0.653688	0.031080	2.4
175	-0.479425	4.556145	0.662686	0.016368	1.7
176	-0.472633	4.440121	0.665708	0.015933	1.8
177	-0.483390	4.149009	0.673414	0.039125	1.9
178	-0.506307	3.795062	0.683027	0.037427	2.0
179	-0.472901	3.442806	0.692871	0.030135	2.1
180	-0.474722	4.370749	0.667529	0.018033	2.0
181	-0.511415	4.016781	0.676974	0.028228	3.7
182	-0.465973	3.664037	0.686656	0.011182	2.2
183	-0.485425	3.926049	0.679438	0.039711	2.3
184	-0.488550	4.913876	0.653538	0.030805	1.9
185	-0.491325	4.559903	0.662589	0.024580	2.2
186	-0.498071	4.206300	0.671884	0.010256	2.2
187	-0.527063	5.074575	0.649510	0.017531	2.3
188	-0.513162	5.336016	0.643062	0.036220	1.6
189	-0.477429	5.506331	0.638930	0.022911	1.8
190	-0.499080	5.152357	0.647578	0.027023	2.5
191	-0.498699	4.970506	0.652113	0.021629	1.7
192	-0.474090	5.271913	0.644631	0.016780	1.5
193	-0.517446	6.221990	0.622133	0.024188	1.5
194	-0.496976	7.212103	0.600299	0.034141	1.7
195	-0.488335	6.862920	0.607822	0.036520	1.5
196	-0.494551	6.508947	0.615643	0.046648	1.6
197	-0.474546	6.155242	0.623662	0.026085	1.6
198	-0.498893	5.801365	0.631897	0.021094	3.4
199	-0.479851	5.447921	0.640341	0.037493	4.5
200	-0.479645	5.094127	0.649023	0.039091	2.2
201	-0.494889	5.855788	0.630616	0.020637	1.7
202	-0.466465	5.501814	0.639039	0.020247	1.5
203	-0.471988	5.148091	0.647684	0.025509	2.3
204	-0.462948	6.147298	0.623845	0.014604	2.0
205	-0.517531	5.847910	0.630801	0.041540	1.8
206	-0.495689	6.845310	0.608207	0.024539	1.6
207	-0.501491	6.491336	0.616038	0.026205	1.6
208	-0.469986	6.137365	0.624073	0.020355	1.8
209	-0.507117	5.946276	0.628499	0.018657	1.6
210	-0.516743	6.528670	0.615202	0.019665	2.4
211	-0.486627	6.212323	0.622354	0.046234	2.3
212	-0.471440	7.211505	0.600312	0.040219	1.7
213	-0.496505	6.857532	0.607940	0.025290	1.6
214	-0.455474	6.503558	0.615764	0.029215	1.6
215	-0.497534	6.149585	0.623792	0.029310	1.6
216	-0.492020	5.795611	0.632033	0.027896	1.8
217	-0.508868	5.441638	0.640494	0.030382	1.7
218	-0.492743	5.127307	0.648199	0.019933	2.2
219	-0.478771	4.773411	0.657100	0.022382	2.2
220	-0.501251	4.462524	0.665123	0.021468	1.9
221	-0.477806	4.393074	0.666942	0.033809	2.2
222	-0.523887	4.039232	0.676367	0.038343	1.8
223	-0.492564	3.685258	0.686065	0.020161	1.6
224	-0.501456	3.332643	0.696007	0.032801	1.8
225	-0.485765	3.190413	0.700100	0.040870	2.9
226	-0.503077	2.836440	0.710496	0.026067	2.3
227	-0.470677	2.482466	0.721206	0.036026	1.6
228	-0.506711	2.128492	0.732244	0.037449	1.6
229	-0.516421	1.774520	0.743625	0.050134	1.5
230	-0.505337	1.470846	0.753674	0.035214	1.5
231	-0.480129	1.116873	0.765737	0.016495	2.1
232	-0.483945	0.763200	0.778181	0.034772	2.2
233	-0.484431	0.436773	0.790030	0.029792	2.4
234	-0.507513	0.082800	0.803295	0.052399	2.3
235	-0.509444	0.000000	0.806462	0.031135	2.0
236	-0.525366	0.999958	0.769806	0.023419	1.8
237	-0.485084	0.646962	0.782359	0.052259	1.6
238	-0.472974	0.293015	0.795364	0.024459	1.8
239	-0.472597	0.000000	0.806462	0.039115	2.1
240	-0.481886	0.000000	0.806462	0.030326	1.8
241	-0.523125	0.000000	0.806462	0.033118	1.9
242	-0.509226	0.000000	0.806462	0.040095	1.6
243	-0.503508	0.000000	0.806462	0.032066	2.0
244	-0.516017	0.000000	0.806462	0.023150	2.5
245	-0.495185	0.000000	0.806462	0.051791	1.8
246	-0.514244	0.000000	0.806462	0.034702	2.1
247	-0.486840	0.000000	0.806462	0.022726	1.8
248	-0.508285	0.998717	0.769850	0.042661	1.6
249	-0.489048	1.995566	0.736477	0.025778	2.0
250	-0.496044	1.704261	0.745926	0.042055	1.8
251	-0.489048	2.508033	0.720422	0.028225	1.6
252	-0.473513	3.476622	0.691913	0.021942	1.6
253	-0.511317	3.160819	0.700957	0.029127	1.6
254	-0.496859	3.333901	0.695971	0.018538	2.7
255	-0.544071	2.980066	0.706241	0.031123	1.7
256	-0.532542	3.978561	0.678009	0.015606	1.8
257	-0.508343	4.629646	0.660786	0.027011	1.7
258	-0.492586	4.864245	0.654792	0.048159	2.4
259	-0.511912	4.510272	0.663878	0.038526	1.6
260	-0.514332	4.156299	0.673219	0.026452	1.6
261	-0.536484	5.156298	0.647481	0.024497	2.2
262	-0.531090	4.805547	0.656281	0.030218	1.8
263	-0.531781	5.805136	0.631808	0.065071	1.6
264	-0.501861	5.451163	0.640263	0.020335	2.0
265	-0.507634	5.097189	0.648947	0.026894	1.9
266	-0.500145	5.449078	0.640313	0.028965	1.6
267	-0.512108	5.413903	0.641166	0.022978	1.6
268	-0.483518	5.059979	0.649874	0.025912	1.8
269	-0.513650	4.708067	0.658770	0.029060	2.4
270	-0.496157	5.408288	0.641302	0.017646	1.6
271	-0.491861	5.387532	0.641807	0.037288	1.5
272	-0.490376	6.176290	0.623179	0.018580	2.1
273	-0.504597	5.947904	0.628461	0.040354	1.9
274	-0.525458	5.593971	0.636825	0.023575	1.6
275	-0.498697	5.240069	0.645414	0.014796	1.5
276	-0.511687	4.926616	0.653217	0.016076	1.5
277	-0.528465	5.387281	0.641813	0.026070	2.7
278	-0.490174	5.033677	0.650531	0.022496	1.7
279	-0.519478	6.027077	0.626620	0.021183	1.5
280	-0.484053	5.676974	0.634843	0.038063	1.7
281	-0.523072	5.323000	0.643380	0.019246	1.9
282	-0.533639	6.317719	0.619953	0.032513	1.9
283	-0.535619	7.298771	0.598461	0.020721	1.6
284	-0.509917	6.944873	0.606040	0.043153	1.7
285	-0.486927	6.591632	0.613798	0.021793	1.8
286	-0.508755	6.237658	0.621775	0.044166	1.6
287	-0.491214	7.181694	0.600947	0.021995	1.8
288	-0.488046	6.827727	0.608591	0.016901	2.0
289	-0.533192	7.788511	0.588280	0.025208	1.6
290	-0.513085	8.739092	0.569476	0.020709	1.5
291	-0.544502	8.517627	0.573749	0.020076	1.5
292	-0.509572	8.189912	0.580190	0.033805	2.4
293	-0.492759	9.147328	0.561765	0.019606	1.7
294	-0.519752	10.142974	0.543805	0.023554	1.6
295	-0.511632	9.879289	0.548449	0.033541	1.5
296	-0.521740	9.525333	0.554808	0.042511	1.5
297	-0.542023	10.525333	0.537209	0.022330	2.5
298	-0.491775	11.525333	0.520693	0.022541	1.5
299	-0.497360	12.525099	0.505165	0.035526	1.5
300	-0.501833	13.061891	0.497204	0.037172	2.1
301	-0.501509	14.061891	0.483023	0.050666	2.2
302	-0.494548	15.061891	0.469629	0.014782	1.8
303	-0.487311	14.874246	0.472085	0.020916	1.6
304	-0.530058	14.532626	0.476624	0.026734	1.9
305	-0.515883	14.179399	0.481410	0.015218	1.8
306	-0.509743	13.825638	0.486300	0.032302	1.7
307	-0.526012	14.825514	0.472727	0.029759	1.7
308	-0.498087	14.471541	0.477445	0.025895	2.4
309	-0.495476	14.118586	0.482243	0.025502	1.7
310	-0.523510	15.110128	0.469001	0.032879	1.7
311	-0.494086	15.743460	0.460917	0.019254	1.9
312	-0.513658	16.742664	0.448715	0.032321	2.0
313	-0.509259	16.435603	0.452396	0.011986	1.6
314	-0.507745	17.434571	0.440637	0.014586	1.5
315	-0.490141	17.102817	0.444474	0.012641	2.6
316	-0.519823	16.986254	0.445838	0.022292	2.0
317	-0.525530	16.660154	0.449698	0.021458	1.7
318	-0.496430	16.306574	0.453960	0.029209	1.5
319	-0.498892	15.952604	0.458309	0.023771	2.5
320	-0.492260	15.598630	0.462741	0.013041	1.9
321	-0.532977	15.315117	0.466354	0.012324	1.6
322	-0.534630	15.187669	0.467996	0.020222	2.6
323	-0.513167	15.034963	0.469980	0.028862	2.5
324	-0.500767	14.738253	0.473882	0.044175	2.1
325	-0.493555	15.738253	0.460983	0.022447	2.4
326	-0.482352	16.208251	0.455160	0.017103	1.8
327	-0.506248	17.175708	0.443625	0.017906	1.8
328	-0.516959	17.458963	0.440358	0.012015	2.1
329	-0.524228	17.111774	0.444369	0.050314	1.9
330	-0.476254	16.757948	0.448533	0.020113	1.5
331	-0.506517	17.674288	0.437906	0.036720	1.5
332	-0.527540	18.662920	0.426991	0.029273	1.5
333	-0.486886	18.308947	0.430836	0.021253	2.0
334	-0.545384	19.305387	0.420185	0.022415	1.6
335	-0.525856	19.744798	0.415653	0.034831	2.3
336	-0.492373	19.390911	0.419295	0.044867	2.8
337	-0.480602	20.390911	0.409165	0.019914	2.1
338	-0.496021	20.210032	0.410961	0.025958	1.6
339	-0.545294	19.857005	0.414512	0.026533	1.7
340	-0.516345	19.503089	0.418134	0.038331	1.9
341	-0.491613	19.149116	0.421820	0.038028	1.6
342	-0.529187	18.795156	0.425572	0.029178	2.3
343	-0.498110	18.441183	0.429391	0.026501	2.9
344	-0.523434	19.439946	0.418786	0.048689	1.6
345	-0.500034	19.086275	0.422481	0.022626	1.6
346	-0.552216	20.083520	0.412226	0.010376	1.8
347	-0.510913	19.751333	0.415586	0.028938	1.9
348	-0.514152	19.517906	0.417981	0.019062	1.6
349	-0.485154	19.960121	0.413468	0.016147	1.7
350	-0.517152	20.870791	0.404475	0.014621	2.2
351	-0.530032	20.542207	0.407675	0.042758	2.0
352	-0.498425	20.236973	0.410692	0.012361	1.6
353	-0.537706	20.582300	0.407281	0.017184	1.5
354	-0.498501	20.361781	0.409453	0.027092	1.7
355	-0.531734	20.008213	0.412983	0.024135	1.7
356	-0.487180	21.004762	0.403185	0.036981	1.8
357	-0.532451	21.910807	0.394672	0.029858	1.9
358	-0.511781	22.910806	0.385684	0.037133	2.4
359	-0.482596	22.556833	0.388818	0.038918	1.6
360	-0.499156	22.202859	0.392004	0.029795	1.7
361	-0.491161	23.027988	0.384658	0.023150	1.6
362	-0.514405	23.474625	0.380795	0.013614	2.0
363	-0.493009	23.234560	0.382861	0.050774	1.6
364	-0.530116	23.083706	0.384171	0.025963	1.5
365	-0.492646	23.098573	0.384042	0.015325	1.8
366	-0.545021	22.814477	0.386532	0.035868	1.9
367	-0.510042	22.740707	0.387184	0.048623	1.6
368	-0.512526	22.386733	0.390343	0.032014	1.6
369	-0.520320	23.386383	0.381552	0.029232	1.5
370	-0.502789	23.034631	0.384600	0.018249	2.5
371	-0.507211	22.681416	0.387710	0.016438	1.6
372	-0.492437	22.329294	0.390860	0.043312	1.5
373	-0.515746	23.329202	0.382044	0.045104	2.5
374	-0.526736	22.975228	0.385119	0.015099	1.8
375	-0.529585	23.975174	0.376557	0.030826	1.6
376	-0.540110	24.688736	0.370676	0.018543	1.6
377	-0.504888	24.335769	0.373562	0.026182	1.8
378	-0.476928	24.220653	0.374513	0.020409	1.7
379	-0.512087	24.764598	0.370061	0.021265	1.6
380	-0.536911	25.683015	0.362781	0.024506	1.7
381	-0.530455	25.336550	0.365493	0.030965	2.8
382	-0.495854	24.982582	0.368307	0.027092	1.7
383	-0.535660	25.373859	0.365199	0.017834	1.5
384	-0.503568	25.023640	0.367978	0.015105	1.8
385	-0.504552	24.743043	0.370236	0.033915	1.9
386	-0.506102	25.604866	0.363389	0.025884	1.7
387	-0.507153	25.271666	0.366006	0.028306	1.6
388	-0.524043	24.917697	0.368827	0.038327	1.6
389	-0.515824	24.567500	0.371662	0.013812	1.6
390	-0.513628	24.322516	0.373671	0.027760	1.6
391	-0.534138	24.828583	0.369545	0.020919	1.6
392	-0.504151	25.805652	0.361830	0.013096	2.0
393	-0.517956	25.482981	0.364342	0.039713	1.8
394	-0.527806	25.129589	0.367133	0.021057	1.8
395	-0.500240	24.775615	0.369972	0.036270	1.6
396	-0.515177	25.775523	0.362063	0.019149	2.2
397	-0.508853	25.421688	0.364823	0.031459	1.6
398	-0.493600	25.083941	0.367497	0.035397	1.7
399	-0.504396	26.073998	0.359768	0.016023	1.8
400	-0.506880	27.073481	0.352288	0.025714	1.6
401	-0.537174	27.691202	0.347819	0.034382	1.7
402	-0.512812	27.337248	0.350365	0.009548	1.5
403	-0.495959	27.000290	0.352825	0.023647	2.4
404	-0.504091	27.445445	0.349583	0.036463	2.0
405	-0.522913	27.091526	0.352156	0.028957	1.6
406	-0.524102	26.737720	0.354766	0.029933	1.5
407	-0.518961	26.383845	0.357415	0.033144	2.3
408	-0.498018	27.383845	0.350028	0.042857	1.8
409	-0.508798	28.383696	0.342941	0.032065	1.7
410	-0.511023	28.029723	0.345417	0.022298	1.7
411	-0.506141	27.678631	0.347908	0.031139	2.5
412	-0.551912	27.324701	0.350456	0.027579	2.3
413	-0.534669	26.970727	0.353042	0.023791	1.6
414	-0.500871	27.074611	0.352280	0.025860	1.8
415	-0.483996	27.994839	0.345663	0.017363	1.5
416	-0.511917	28.994451	0.338752	0.036151	1.7
417	-0.529404	29.739532	0.333777	0.020377	1.8
418	-0.500629	29.387236	0.336111	0.019368	1.6
419	-0.505480	30.382154	0.329603	0.019079	2.3
420	-0.510990	31.208030	0.324389	0.019167	2.0
421	-0.481069	31.082147	0.325173	0.022831	1.9
422	-0.503001	31.576972	0.322113	0.027221	1.6
423	-0.504869	32.565232	0.316170	0.013997	1.5
424	-0.523034	32.330281	0.317563	0.019036	1.7
425	-0.531631	33.096096	0.313067	0.010587	2.9
426	-0.518785	33.585018	0.310263	0.023486	2.1
427	-0.497692	33.268900	0.312070	0.021897	2.0
428	-0.505317	33.991343	0.307970	0.037030	1.9
429	-0.518654	33.637371	0.309966	0.016199	1.9
430	-0.502143	33.283519	0.311986	0.022666	1.7
431	-0.518359	34.168875	0.306979	0.024982	1.7
432	-0.516522	35.162390	0.301549	0.038434	1.8
433	-0.494949	34.879307	0.303076	0.019155	1.5
434	-0.523438	34.525483	0.305008	0.018821	2.9
435	-0.521539	34.812038	0.303442	0.022944	1.9
436	-0.522829	34.465737	0.305336	0.029263	1.5
437	-0.512948	34.111898	0.307297	0.041453	1.5
438	-0.514125	35.111898	0.301820	0.028131	1.6
439	-0.494811	34.780032	0.303616	0.049152	2.7
440	-0.496782	34.513096	0.305076	0.024876	1.7
441	-0.555472	34.159378	0.307032	0.042788	1.8
442	-0.515046	33.805404	0.309015	0.024615	2.3
443	-0.484784	33.451431	0.311024	0.036647	1.9
444	-0.521553	34.422897	0.305572	0.021372	1.6
445	-0.516303	35.397351	0.300292	0.022616	1.6
446	-0.533884	35.291709	0.300856	0.037522	2.3
447	-0.506104	35.138857	0.301675	0.025485	1.9
448	-0.523709	34.784884	0.303589	0.027636	2.2
449	-0.482239	35.223381	0.301222	0.028209	2.6
450	-0.530951	35.702486	0.298677	0.014919	1.9
451	-0.483423	35.351506	0.300537	0.024156	2.4
452	-0.518156	34.999666	0.302425	0.023750	2.8
453	-0.514634	35.968424	0.297282	0.024546	4.1
454	-0.491812	36.831136	0.292847	0.026886	2.6
455	-0.516310	36.486507	0.294603	0.047715	2.2
456	-0.513881	36.132539	0.296428	0.033466	2.7
457	-0.527278	35.798971	0.298169	0.023427	2.2
458	-0.505146	35.450313	0.300011	0.049679	2.8
459	-0.523359	35.183195	0.301437	0.015696	1.6
460	-0.489085	36.055710	0.296827	0.030646	1.8
461	-0.536869	35.771809	0.298312	0.023502	1.7
462	-0.517369	36.769899	0.293158	0.025166	2.2
463	-0.520469	36.447419	0.294804	0.020971	1.8
464	-0.528095	37.206167	0.290961	0.022364	2.2
465	-0.504929	36.852231	0.292741	0.032773	3.5
466	-0.522958	36.498301	0.294543	0.043508	2.3
467	-0.541050	37.419441	0.289898	0.018823	2.4
468	-0.527880	37.410139	0.289945	0.024861	1.9
469	-0.535661	38.066434	0.286723	0.019489	1.6
470	-0.520948	37.737495	0.288329	0.033056	2.0
471	-0.497295	37.387769	0.290056	0.028544	2.4
472	-0.523630	38.387752	0.285172	0.021904	1.7
473	-0.522453	38.105068	0.286536	0.023373	1.6
474	-0.523190	37.756717	0.288234	0.037926	2.0
475	-0.504925	38.756688	0.283411	0.019251	2.1
476	-0.559809	38.402732	0.285100	0.025420	2.1
477	-0.523856	38.422399	0.285005	0.030777	2.4
478	-0.518046	38.068429	0.286713	0.017629	2.7
479	-0.543841	37.714484	0.288442	0.029766	2.6
480	-0.509240	37.368203	0.290153	0.020058	2.5
481	-0.525606	38.354694	0.285330	0.017626	2.0
482	-0.519910	38.817938	0.283121	0.014090	2.2
483	-0.533548	38.652630	0.283905	0.027964	2.5
484	-0.519055	39.594354	0.279493	0.017863	2.4
485	-0.497834	39.246920	0.281105	0.033315	2.2
486	-0.536378	38.893380	0.282764	0.030063	3.5
487	-0.527957	38.539406	0.284445	0.018374	2.4
488	-0.498812	39.519235	0.279840	0.009736	2.7
489	-0.522243	39.421662	0.280292	0.037416	2.9
490	-0.502363	40.026844	0.277512	0.032987	2.3
491	-0.514399	39.673538	0.279128	0.027578	2.5
492	-0.513687	40.578596	0.275026	0.025743	1.8
493	-0.538151	41.451717	0.271181	0.041423	2.1
494	-0.532546	41.097745	0.272727	0.020728	1.7
495	-0.504848	41.107538	0.272684	0.042893	1.6
496	-0.538297	42.105464	0.268371	0.038350	1.9
497	-0.511555	43.105464	0.264185	0.025510	1.6
498	-0.536761	43.435959	0.262830	0.039395	2.2
499	-0.532143	43.289409	0.263429	0.025084	1.8
500	-0.534665	44.249552	0.259553	0.030941	1.8
501	-0.526574	43.957475	0.260720	0.026108	1.7
502	-0.525805	43.606135	0.262138	0.035886	2.1
503	-0.516506	44.605944	0.258143	0.030813	1.6
504	-0.508320	44.252870	0.259540	0.024941	2.1
505	-0.499199	43.901589	0.260944	0.021886	2.0
506	-0.523373	44.808947	0.257346	0.012561	1.7
507	-0.539338	44.509525	0.258523	0.012676	1.8
508	-0.517433	44.553501	0.258349	0.024762	1.8
509	-0.520032	44.264357	0.259494	0.021181	2.0
510	-0.546458	45.258054	0.255602	0.025317	1.6
511	-0.506008	46.255750	0.251810	0.016043	2.2
512	-0.509361	47.243039	0.248167	0.030036	1.9
513	-0.533936	47.437679	0.247462	0.026403	2.1
514	-0.502432	47.083706	0.248748	0.021932	1.9
515	-0.511670	46.731320	0.250042	0.010833	1.7
516	-0.489092	46.500464	0.250898	0.021622	2.0
517	-0.517864	47.403451	0.247585	0.013448	1.7
518	-0.516031	47.050515	0.248870	0.022396	2.0
519	-0.492251	47.373135	0.247695	0.029139	2.9
520	-0.526249	47.019284	0.248984	0.018252	1.9
521	-0.515625	46.665438	0.250286	0.020168	1.7
522	-0.531672	47.265281	0.248087	0.029443	1.8
523	-0.497315	46.911374	0.249379	0.014461	2.3
524	-0.517068	46.572222	0.250631	0.033378	1.8
525	-0.524968	47.559153	0.247023	0.021407	2.6
526	-0.506336	48.559077	0.243472	0.026882	1.8
527	-0.506976	48.205147	0.244717	0.028643	1.7
528	-0.477892	47.851249	0.245975	0.047547	1.9
529	-0.523671	47.497275	0.247246	0.023159	1.9
530	-0.508919	48.497265	0.243689	0.033912	1.5
531	-0.528469	49.497206	0.240232	0.021327	1.6
532	-0.544188	49.143440	0.241444	0.026581	1.8
533	-0.516149	49.203892	0.241236	0.041361	1.7
534	-0.523209	50.203877	0.237848	0.020428	1.5
535	-0.519965	51.203815	0.234554	0.019784	1.6
536	-0.538931	52.149280	0.231522	0.019656	1.6
537	-0.521873	53.148625	0.228402	0.010494	1.7
538	-0.499582	53.290678	0.227965	0.016777	1.5
539	-0.544972	52.989316	0.228894	0.014608	1.6
540	-0.500403	52.637382	0.229988	0.030641	2.9
541	-0.509965	52.297673	0.231054	0.029709	2.0
542	-0.522552	53.108971	0.228524	0.021998	1.6
543	-0.521664	53.204148	0.228231	0.028381	1.7
544	-0.498157	52.853620	0.229314	0.025387	1.8
545	-0.548409	53.709064	0.226689	0.024838	1.6
546	-0.513406	53.374176	0.227709	0.026424	1.8
547	-0.544689	54.374151	0.224688	0.031644	2.1
548	-0.521425	54.800773	0.223424	0.030752	1.8
549	-0.495004	55.747694	0.220667	0.012551	1.7
550	-0.515866	56.530678	0.218439	0.022798	1.9
551	-0.513447	56.194953	0.219389	0.017721	1.9
552	-0.504169	57.193933	0.216586	0.022335	1.7
553	-0.506645	56.840191	0.217570	0.027339	1.6
554	-0.506504	57.835987	0.214822	0.041205	1.8
555	-0.523526	57.570266	0.215548	0.037284	1.9
556	-0.508584	57.216324	0.216524	0.025773	1.6
557	-0.522137	56.862350	0.217508	0.038173	1.6
558	-0.494415	57.810438	0.214892	0.016562	1.6
559	-0.539565	57.463768	0.215841	0.034455	1.7
560	-0.528390	57.195281	0.216582	0.024233	1.4
561	-0.542167	58.195279	0.213847	0.025181	1.5
562	-0.518662	59.176546	0.211230	0.029114	2.6
563	-0.502614	58.908614	0.211938	0.017243	1.8
564	-0.503177	58.561402	0.212863	0.031240	1.7
565	-0.526129	59.413049	0.210609	0.024335	1.5
566	-0.516055	60.411471	0.208026	0.031738	1.8
567	-0.518104	61.411469	0.205502	0.021755	1.6
568	-0.526863	61.588701	0.205061	0.018734	1.6
569	-0.516010	61.241018	0.205928	0.019586	2.4
570	-0.499715	62.235362	0.203468	0.029815	2.4
571	-0.508740	61.881955	0.204335	0.037255	1.6
572	-0.516737	61.613621	0.204999	0.047835	1.6
573	-0.527712	62.154307	0.203666	0.040185	1.7
574	-0.498629	63.154307	0.201246	0.010903	1.8
575	-0.524858	62.909880	0.201832	0.031599	1.7
576	-0.539724	62.572261	0.202647	0.021111	1.6
577	-0.544283	63.537032	0.200335	0.033356	1.6
578	-0.532884	64.338751	0.198453	0.023204	1.7
579	-0.508392	63.984778	0.199279	0.018834	1.6
580	-0.530646	63.740477	0.199854	0.046306	1.9
581	-0.498274	64.732729	0.197541	0.030146	1.9
582	-0.516353	65.732729	0.195263	0.032606	1.9
583	-0.533173	65.379257	0.196062	0.029071	1.9
584	-0.519763	65.025284	0.196869	0.041782	2.1
585	-0.487233	64.671310	0.197682	0.020786	2.2
586	-0.529855	65.671176	0.195402	0.020997	1.8
587	-0.518838	66.618423	0.193289	0.035738	1.7
588	-0.499853	66.264455	0.194073	0.039732	1.6
589	-0.500128	67.263038	0.191878	0.015398	1.5
590	-0.497363	66.909067	0.192650	0.022509	1.6
591	-0.510437	66.984117	0.192486	0.027404	1.7
592	-0.498456	66.631147	0.193261	0.015959	1.9
593	-0.501033	66.294614	0.194006	0.020549	1.6
594	-0.510862	65.950513	0.194774	0.025857	1.6
595	-0.490630	66.942575	0.192577	0.020061	1.5
596	-0.517258	66.588613	0.193355	0.025599	1.8
597	-0.509514	67.545469	0.191266	0.015550	1.5
598	-0.552556	67.708902	0.190913	0.024055	2.1
599	-0.484509	67.355204	0.191677	0.032862	1.9
600	-0.527996	67.866147	0.190575	0.023147	2.1
601	-0.501652	68.163177	0.189941	0.017553	1.6
602	-0.542945	67.917262	0.190466	0.022540	1.6
603	-0.532252	68.093949	0.190088	0.013020	1.6
604	-0.535023	68.504186	0.189217	0.018501	1.6
605	-0.492566	68.977567	0.188221	0.012416	1.7
606	-0.542145	68.718652	0.188765	0.039825	2.8
607	-0.533401	68.452385	0.189326	0.024925	1.7
608	-0.559689	69.452385	0.187233	0.028340	2.3
609	-0.490750	69.098646	0.187968	0.009130	2.6
610	-0.506410	68.778659	0.188638	0.014148	2.0
611	-0.492461	68.542447	0.189136	0.016763	1.7
612	-0.514694	68.242039	0.189773	0.013079	2.2
613	-0.509412	68.071085	0.190137	0.021253	1.8
614	-0.527626	68.806429	0.188580	0.031143	1.7
615	-0.520168	68.550590	0.189119	0.032051	2.0
616	-0.545993	69.550114	0.187031	0.027434	1.9
617	-0.531631	69.196141	0.187765	0.021105	1.6
618	-0.499863	68.842178	0.188505	0.035467	1.7
619	-0.521546	69.842167	0.186430	0.019893	1.8
620	-0.531935	69.503195	0.187128	0.016589	1.7
621	-0.519063	69.747708	0.186624	0.017112	1.7
622	-0.544023	70.540708	0.185007	0.033410	2.7
623	-0.495653	70.186837	0.185725	0.027698	1.9
624	-0.530240	71.186837	0.183711	0.024239	1.7
625	-0.512977	70.833090	0.184418	0.024789	1.6
626	-0.492414	70.479296	0.185132	0.036746	2.2
627	-0.519746	70.125326	0.185851	0.015480	2.2
628	-0.505802	69.771531	0.186575	0.021508	1.9
629	-0.528147	69.716390	0.186688	0.024356	2.5
630	-0.512868	69.364433	0.187416	0.013252	1.8
631	-0.519186	69.013887	0.188145	0.033753	1.7
632	-0.531018	68.666835	0.188874	0.032372	1.6
633	-0.499681	69.635840	0.186854	0.026316	2.4
634	-0.520949	70.633764	0.184819	0.027663	1.6
635	-0.513757	70.279796	0.185536	0.029596	1.6
636	-0.523122	69.925822	0.186258	0.024357	1.6
637	-0.492154	70.925793	0.184232	0.030295	3.2
638	-0.519696	70.657418	0.184772	0.021440	2.2
639	-0.543831	71.656488	0.182779	0.010290	2.2
640	-0.530519	71.943776	0.182214	0.032263	1.9
641	-0.531521	72.516018	0.181099	0.023952	1.9
642	-0.537746	73.515998	0.179183	0.036780	1.9
643	-0.499010	74.515545	0.177308	0.030980	2.9
644	-0.534573	75.510873	0.175480	0.029290	2.1
645	-0.518180	75.159051	0.176122	0.023125	1.6
646	-0.513281	74.805173	0.176772	0.016471	2.2
647	-0.522237	74.485367	0.177364	0.025543	1.7
648	-0.516181	74.771188	0.176835	0.028791	1.5
649	-0.510180	74.417521	0.177490	0.038085	1.4
650	-0.503087	74.295448	0.177718	0.020018	1.7
651	-0.525432	74.460489	0.177411	0.029178	2.3
652	-0.509787	74.310844	0.177689	0.025407	1.7
653	-0.524077	73.990626	0.178288	0.023197	2.3
654	-0.519560	73.946566	0.178371	0.021603	1.6
655	-0.518573	74.889412	0.176617	0.032514	1.7
656	-0.491834	75.641377	0.175243	0.028479	1.6
657	-0.528991	75.287405	0.175887	0.041824	1.9
658	-0.535991	76.287388	0.174079	0.039082	2.6
659	-0.517901	75.933414	0.174715	0.025507	1.8
660	-0.499995	76.796748	0.173172	0.031021	2.9
661	-0.489980	76.442774	0.173802	0.031443	1.9
662	-0.505097	76.088801	0.174435	0.013351	1.6
663	-0.520289	75.734877	0.175073	0.049380	1.6
664	-0.504103	75.380903	0.175716	0.029831	1.8
665	-0.521711	75.026930	0.176364	0.025886	2.9
666	-0.510349	74.672959	0.177017	0.023710	1.6
667	-0.568626	74.319121	0.177674	0.018262	1.8
668	-0.486658	74.217793	0.177863	0.021901	1.6
669	-0.529453	73.969353	0.178328	0.050080	1.8
670	-0.512024	73.615379	0.178995	0.027349	1.6
671	-0.540386	73.261405	0.179667	0.020829	1.7
672	-0.506791	72.910586	0.180339	0.025651	2.4
673	-0.523815	73.040201	0.180090	0.022700	2.1
674	-0.525437	74.039209	0.178197	0.024596	1.8
675	-0.504969	73.720244	0.178797	0.037119	1.6
676	-0.486668	74.692050	0.176981	0.017713	1.7
677	-0.539054	75.214109	0.176021	0.018934	1.6
678	-0.510167	74.946340	0.176512	0.028990	2.0
679	-0.513897	74.685416	0.176994	0.033428	2.3
680	-0.515990	74.331443	0.177651	0.017971	2.4
681	-0.503959	75.330741	0.175808	0.025567	1.7
682	-0.521437	74.977052	0.176456	0.031528	1.6
683	-0.513021	74.623079	0.177109	0.020767	1.8
684	-0.504983	75.608350	0.175303	0.019776	2.2
685	-0.516409	75.499365	0.175501	0.022033	2.0
686	-0.516675	75.145661	0.176146	0.033475	2.6
687	-0.527224	75.331692	0.175806	0.026043	2.6
688	-0.513756	76.331679	0.174000	0.030070	2.0
689	-0.508820	75.984490	0.174623	0.026754	1.6
690	-0.524618	75.677913	0.175177	0.031716	1.8
691	-0.508961	75.324233	0.175820	0.022270	1.9
692	-0.508463	76.324155	0.174013	0.027207	1.5
693	-0.525445	76.033297	0.174535	0.030624	1.7
694	-0.496555	75.724028	0.175093	0.021386	2.3
695	-0.524164	75.370055	0.175736	0.032504	1.7
696	-0.517658	75.419795	0.175645	0.022482	1.6
697	-0.529437	75.065827	0.176293	0.019363	1.5
698	-0.535230	74.712252	0.176944	0.016979	1.5
699	-0.508380	74.363909	0.177590	0.038821	1.9
700	-0.522700	74.009936	0.178252	0.022872	1.9
701	-0.495785	75.007360	0.176400	0.038187	1.7
702	-0.511090	75.283970	0.175893	0.018300	2.7
703	-0.519325	74.930035	0.176542	0.023052	2.0
704	-0.506471	75.422661	0.175640	0.013096	1.9
705	-0.513250	75.073795	0.176278	0.020554	1.6
706	-0.540429	74.777286	0.176824	0.012174	2.1
707	-0.532044	74.436827	0.177455	0.031944	1.5
708	-0.519427	74.085195	0.178111	0.031539	1.5
709	-0.514914	73.731222	0.178776	0.040109	2.9
710	-0.517139	74.720179	0.176929	0.031558	1.9
711	-0.535176	74.368702	0.177581	0.018620	1.6
712	-0.507859	74.014927	0.178243	0.032966	1.5
713	-0.523477	73.829295	0.178591	0.032123	1.8
714	-0.504532	73.475324	0.179261	0.029525	1.9
715	-0.511166	73.121350	0.179935	0.028123	1.6
716	-0.539941	74.121339	0.178043	0.039203	1.6
717	-0.523119	73.835787	0.178579	0.029711	3.5
718	-0.524885	74.694089	0.176978	0.022029	2.0
719	-0.505262	75.525155	0.175454	0.024608	1.7
720	-0.499703	76.519544	0.173665	0.027226	1.8
721	-0.513146	76.166071	0.174296	0.021345	1.8
722	-0.529892	75.812761	0.174933	0.029504	1.7
723	-0.497545	75.458813	0.175574	0.018075	1.6
724	-0.534581	75.105403	0.176220	0.030555	3.2
725	-0.541941	76.099299	0.174416	0.018738	1.6
726	-0.534189	75.747231	0.175051	0.032135	1.5
727	-0.532226	76.494995	0.173708	0.017227	1.8
728	-0.512929	77.487710	0.171958	0.032317	1.8
729	-0.525649	77.138393	0.172570	0.037513	1.6
730	-0.519207	78.127747	0.170847	0.028868	1.5
731	-0.489011	79.127726	0.169141	0.025735	1.5
732	-0.496157	78.914274	0.169502	0.028022	2.1
733	-0.509981	79.544905	0.168439	0.009510	1.6
734	-0.515356	79.195699	0.169026	0.028707	1.6
735	-0.505576	78.849154	0.169613	0.025104	1.5
736	-0.517119	79.848338	0.167932	0.025562	1.7
737	-0.528810	80.254319	0.167259	0.016897	1.6
738	-0.535361	80.201591	0.167346	0.051873	1.5
739	-0.485113	79.847912	0.167933	0.038697	2.4
740	-0.503614	80.847912	0.166284	0.035912	1.9
741	-0.535885	81.847888	0.164667	0.037972	1.9
742	-0.515160	81.493917	0.165236	0.043046	1.6
743	-0.531977	82.493899	0.163640	0.018682	1.7
744	-0.505012	82.141683	0.164198	0.020266	1.6
745	-0.516637	81.797991	0.164747	0.036866	1.5
746	-0.507412	82.690803	0.163329	0.032524	1.9
747	-0.544777	82.336835	0.163888	0.022498	2.4
748	-0.522649	82.712909	0.163294	0.013794	1.6
749	-0.517363	82.446755	0.163714	0.029408	1.5
750	-0.563733	82.102772	0.164260	0.016568	1.8
751	-0.504479	82.985078	0.162867	0.048141	1.6
752	-0.506089	82.672970	0.163357	0.039273	1.6
753	-0.516450	82.343372	0.163878	0.030334	1.6
754	-0.511887	81.989398	0.164441	0.026108	1.9
755	-0.548176	81.650708	0.164984	0.017910	2.7
756	-0.497741	81.297012	0.165554	0.013117	1.6
757	-0.520936	81.607911	0.165053	0.019017	1.5
758	-0.531699	81.401413	0.165385	0.037598	1.5
759	-0.541209	81.061277	0.165937	0.024720	1.5
760	-0.550492	80.707303	0.166514	0.026278	1.6
761	-0.528743	81.265215	0.165606	0.025602	1.7
762	-0.504591	81.108765	0.165859	0.017338	2.0
763	-0.497049	80.755104	0.166436	0.012542	1.6
764	-0.531300	80.692510	0.166538	0.022739	2.2
765	-0.519160	80.339791	0.167118	0.020669	1.8
766	-0.541098	80.956801	0.166107	0.025256	1.6
767	-0.523227	80.630001	0.166641	0.023502	1.6
768	-0.529741	80.276247	0.167223	0.030059	1.6
769	-0.541494	79.930590	0.167796	0.017586	1.7
770	-0.505918	79.577283	0.168385	0.021647	2.1
771	-0.548117	79.257067	0.168923	0.031576	2.5
772	-0.493199	80.257063	0.167255	0.024053	1.7
773	-0.517715	79.907147	0.167835	0.018197	1.7
774	-0.497422	79.553443	0.168425	0.033547	1.9
775	-0.549357	80.522939	0.166816	0.020454	1.7
776	-0.503094	80.168975	0.167400	0.033066	1.9
777	-0.517749	79.824582	0.167972	0.036427	1.7
778	-0.537887	79.470608	0.168564	0.032539	1.6
779	-0.532572	79.116648	0.169160	0.032094	1.9
780	-0.486731	80.116638	0.167487	0.023309	1.7
781	-0.499657	79.791183	0.168028	0.012228	1.6
782	-0.532575	80.689079	0.166544	0.035510	1.5
783	-0.514085	80.441974	0.166950	0.022798	1.5
784	-0.477705	81.441963	0.165320	0.006802	2.5
785	-0.494587	81.158147	0.165779	0.028788	1.6
786	-0.506852	81.544584	0.165155	0.019960	1.8
787	-0.514423	82.161254	0.164167	0.016267	2.0
788	-0.554053	82.629700	0.163425	0.022664	2.2
789	-0.502886	82.610508	0.163455	0.025767	1.6
790	-0.519494	82.257234	0.164015	0.037345	1.5
791	-0.538115	83.257234	0.162441	0.029527	2.0
792	-0.508646	84.257233	0.160898	0.031360	1.6
793	-0.494237	83.903410	0.161441	0.049743	1.6
794	-0.520436	83.549443	0.161987	0.023545	1.9
795	-0.501409	84.549442	0.160453	0.026322	1.9
796	-0.530366	85.549420	0.158947	0.033003	1.6
797	-0.511968	85.195448	0.159477	0.045627	1.5
798	-0.463279	86.195448	0.157989	0.039618	1.9
799	-0.498310	85.841475	0.158512	0.022276	1.9
800	-0.502147	85.490519	0.159035	0.027845	1.6
801	-0.510699	86.489466	0.157557	0.033792	1.5
802	-0.510301	87.483655	0.156113	0.063417	2.7
803	-0.487097	88.483655	0.154687	0.022762	1.6
804	-0.500103	88.129727	0.155189	0.014912	1.5
805	-0.523894	87.776463	0.155693	0.021747	1.5
806	-0.537531	87.741922	0.155742	0.026799	2.0
807	-0.525701	88.483408	0.154687	0.021603	1.8
808	-0.519099	88.129438	0.155189	0.027878	1.6
809	-0.513045	87.775479	0.155694	0.037196	1.5
810	-0.494510	87.421505	0.156202	0.020991	1.8
811	-0.541463	87.068522	0.156713	0.028947	1.9
812	-0.518954	86.937965	0.156902	0.038181	2.0
813	-0.524849	86.583991	0.157418	0.015506	1.6
814	-0.518732	86.230075	0.157938	0.031720	1.9
815	-0.540059	85.897060	0.158430	0.050503	1.7
816	-0.528222	85.543149	0.158956	0.013529	1.5
817	-0.528364	85.264668	0.159373	0.022542	1.9
818	-0.466706	85.355767	0.159236	0.040749	1.8
819	-0.487205	85.263135	0.159375	0.025922	1.9
820	-0.477865	84.912380	0.159903	0.031480	1.6
821	-0.529262	84.593550	0.160386	0.017094	1.6
822	-0.536868	84.240816	0.160923	0.036684	1.7
823	-0.511731	85.224294	0.159433	0.028600	1.8
824	-0.527096	86.224293	0.157946	0.023066	1.6
825	-0.507541	87.110394	0.156652	0.012419	1.6
826	-0.547976	86.767901	0.157150	0.017494	3.0
827	-0.519915	86.449260	0.157616	0.024870	1.7
828	-0.514913	86.160415	0.158041	0.025654	1.6
829	-0.511166	85.821709	0.158542	0.033329	2.0
830	-0.531569	85.490315	0.159035	0.023187	1.7
831	-0.529600	85.136341	0.159566	0.009402	2.0
832	-0.526945	85.135728	0.159566	0.022038	1.7
833	-0.490980	84.973403	0.159811	0.022776	1.7
834	-0.529221	85.957389	0.158341	0.024338	2.5
835	-0.514704	86.889000	0.156973	0.028310	1.8
836	-0.513407	87.866212	0.155564	0.024406	2.0
837	-0.524145	87.512280	0.156072	0.036658	1.6
838	-0.522212	87.289685	0.156393	0.030592	1.5
839	-0.527362	87.004081	0.156806	0.015040	1.6
840	-0.504572	87.882453	0.155541	0.034066	1.7
841	-0.535592	87.529021	0.156048	0.025833	1.9
842	-0.522206	88.496687	0.154669	0.027352	2.3
843	-0.529673	88.142720	0.155170	0.037900	1.6
844	-0.514000	87.799682	0.155659	0.020722	2.1
845	-0.499842	88.799044	0.154243	0.016964	2.1
846	-0.539717	89.517849	0.153240	0.025505	1.6
847	-0.498056	90.510959	0.151875	0.012395	1.6
848	-0.528241	90.175683	0.152333	0.019550	1.5
849	-0.509173	89.847295	0.152784	0.025838	1.5
850	-0.522026	90.404195	0.152020	0.016751	2.5
851	-0.526749	91.391288	0.150685	0.033565	1.6
852	-0.521279	91.048427	0.151146	0.035518	2.0
853	-0.509823	92.048426	0.149809	0.029973	1.6
854	-0.537153	91.694452	0.150280	0.025178	1.5
855	-0.520232	91.340480	0.150753	0.020926	2.0
856	-0.516540	91.294931	0.150814	0.012840	1.6
857	-0.524382	90.962174	0.151263	0.016502	1.5
858	-0.526550	91.310004	0.150794	0.015574	2.1
859	-0.495441	90.969021	0.151253	0.025150	1.7
860	-0.528755	90.624487	0.151720	0.021795	1.9
861	-0.507847	91.622584	0.150376	0.021124	1.7
862	-0.513634	92.191883	0.149619	0.012674	1.6
863	-0.510883	91.899095	0.150007	0.033813	1.7
864	-0.529153	92.182077	0.149632	0.018868	1.8
865	-0.519167	92.635250	0.149036	0.014237	1.6
866	-0.519214	93.141057	0.148375	0.014913	2.4
867	-0.508921	92.793417	0.148828	0.021156	2.2
868	-0.510035	92.920112	0.148663	0.022255	1.6
869	-0.497915	92.730472	0.148911	0.033905	1.9
870	-0.506691	93.568165	0.147822	0.019200	1.7
871	-0.530071	94.567632	0.146544	0.039115	1.6
872	-0.507493	94.213669	0.146994	0.033444	1.6
873	-0.535123	93.859696	0.147447	0.027055	1.5
874	-0.544130	93.510444	0.147897	0.045779	3.1
875	-0.535813	94.506411	0.146621	0.042480	1.6
876	-0.509428	94.152437	0.147072	0.027754	1.5
877	-0.526363	95.152437	0.145806	0.037307	1.5
878	-0.517707	94.798464	0.146252	0.031572	1.5
879	-0.538770	94.444639	0.146700	0.026903	1.6
880	-0.526652	94.090668	0.147151	0.017395	1.5
881	-0.506701	93.737306	0.147604	0.014338	1.5
882	-0.528663	94.570195	0.146540	0.039236	2.3
883	-0.521267	94.787611	0.146265	0.027126	1.7
884	-0.511490	94.433637	0.146714	0.028055	1.9
885	-0.524083	94.080225	0.147164	0.031505	2.6
886	-0.520291	93.726269	0.147618	0.020304	1.6
887	-0.511929	94.566674	0.146545	0.025496	1.5
888	-0.527466	95.359290	0.145547	0.041638	1.5
889	-0.522492	95.060574	0.145921	0.017357	1.5
890	-0.537179	95.961677	0.144797	0.035629	1.8
891	-0.513966	95.614917	0.145228	0.017025	1.5
892	-0.551332	95.261033	0.145670	0.029181	1.9
893	-0.542506	96.260094	0.144429	0.010610	2.2
894	-0.534085	95.920264	0.144848	0.028473	1.6
895	-0.532476	95.885473	0.144891	0.030854	1.8
896	-0.539084	95.531500	0.145332	0.025313	1.5
897	-0.529586	96.429624	0.144220	0.026674	1.5
898	-0.532860	96.077831	0.144653	0.019240	1.5
899	-0.508701	97.072240	0.143435	0.026539	1.6
900	-0.520827	96.799352	0.143767	0.024922	2.2
901	-0.531842	96.450690	0.144194	0.021582	1.6
902	-0.551036	97.439614	0.142990	0.029403	2.2
903	-0.510168	97.164405	0.143323	0.021946	1.6
904	-0.493962	96.863610	0.143689	0.032616	1.5
905	-0.522824	96.509640	0.144122	0.027617	1.7
906	-0.528689	96.916354	0.143625	0.021545	1.6
907	-0.530804	96.573406	0.144044	0.032919	1.7
908	-0.532747	96.222799	0.144474	0.030116	1.9
909	-0.505794	97.213858	0.143263	0.022418	1.8
910	-0.512052	96.859890	0.143694	0.025061	2.9
911	-0.518108	96.507143	0.144125	0.025856	1.6
912	-0.547935	96.153264	0.144560	0.035148	1.5
913	-0.547685	95.799296	0.144998	0.041413	1.6
914	-0.531192	95.445656	0.145439	0.028785	1.5
915	-0.504996	95.091683	0.145882	0.034902	1.7
916	-0.549752	94.745704	0.146318	0.045199	2.2
917	-0.512279	95.744857	0.145066	0.027325	1.7
918	-0.506900	95.720153	0.145097	0.016196	2.5
919	-0.516190	96.527289	0.144100	0.022882	1.7
920	-0.544761	96.187200	0.144518	0.025262	1.9
921	-0.505898	95.966181	0.144791	0.019167	1.6
922	-0.543075	95.620430	0.145221	0.043687	1.5
923	-0.519273	95.274786	0.145652	0.012342	1.8
924	-0.501755	94.979352	0.146023	0.007719	2.2
925	-0.523560	95.062204	0.145919	0.023156	1.9
926	-0.528916	95.605087	0.145240	0.019587	1.8
927	-0.533850	96.591485	0.144021	0.032543	1.7
928	-0.540453	97.590838	0.142808	0.031574	1.6
929	-0.536397	97.237077	0.143235	0.026173	1.6
930	-0.518870	96.885686	0.143662	0.037992	1.6
931	-0.531913	97.885218	0.142454	0.021670	1.7
932	-0.522214	97.531286	0.142880	0.025593	1.6
933	-0.521026	97.177315	0.143308	0.048453	2.9
934	-0.496526	96.823342	0.143738	0.015739	1.9
935	-0.555872	97.780066	0.142580	0.041203	1.7
936	-0.541181	97.455532	0.142971	0.029052	1.9
937	-0.526964	97.101570	0.143399	0.024547	2.2
938	-0.523706	97.268745	0.143197	0.016288	1.7
939	-0.522613	97.597926	0.142799	0.021479	1.6
940	-0.519044	98.164478	0.142120	0.024029	1.5
941	-0.518814	99.157575	0.140946	0.037703	2.2
942	-0.526961	100.153410	0.139787	0.023638	1.9
943	-0.506987	99.806222	0.140189	0.031985	1.6
944	-0.493713	99.452259	0.140601	0.025437	1.5
945	-0.486143	99.098286	0.141015	0.039636	1.8
946	-0.517162	98.744313	0.141432	0.024656	1.6
947	-0.512773	99.743420	0.140262	0.027518	1.9
948	-0.506957	99.653149	0.140367	0.035514	2.1
949	-0.529730	99.332736	0.140741	0.019186	1.6
950	-0.536850	98.982831	0.141151	0.029356	1.5
951	-0.515111	98.629070	0.141568	0.038283	1.5
952	-0.465722	98.275118	0.141989	0.030866	2.2
953	-0.493724	97.921144	0.142411	0.027935	1.7
954	-0.534153	98.229537	0.142043	0.017856	1.5
955	-0.537657	97.875595	0.142466	0.017992	1.5
956	-0.515838	98.069366	0.142234	0.024074	1.5
957	-0.515988	97.735255	0.142634	0.028043	2.3
958	-0.525011	97.381550	0.143060	0.035861	1.6
959	-0.522043	98.240959	0.142029	0.033497	1.5
960	-0.505043	97.916610	0.142417	0.027472	2.0
961	-0.519034	97.633665	0.142756	0.021386	1.6
962	-0.548573	98.504250	0.141716	0.016699	1.9
963	-0.500951	98.518117	0.141700	0.029053	1.6
964	-0.508005	98.164161	0.142121	0.018777	1.6
965	-0.518587	98.696040	0.141489	0.040322	2.4
966	-0.524790	99.484488	0.140563	0.053610	1.6
967	-0.518768	100.484488	0.139406	0.031704	1.7
968	-0.525318	101.484488	0.138268	0.020238	1.9
969	-0.507053	101.970729	0.137721	0.053073	1.6
970	-0.513697	102.905678	0.136682	0.027898	1.6
971	-0.495880	102.552292	0.137073	0.031185	1.5
972	-0.519220	103.090257	0.136479	0.016401	1.6
973	-0.523105	104.071569	0.135408	0.037976	1.9
974	-0.520220	105.055313	0.134351	0.041272	1.7
975	-0.513257	104.701473	0.134730	0.019444	1.5
976	-0.547512	105.339458	0.134049	0.025397	2.2
977	-0.531899	104.999910	0.134410	0.027884	1.7
978	-0.515563	104.645942	0.134789	0.014135	1.5
979	-0.542234	104.328238	0.135131	0.030920	1.6
980	-0.521871	104.086056	0.135392	0.039603	1.5
981	-0.522637	103.732086	0.135777	0.031432	1.5
982	-0.551718	103.437806	0.136098	0.021866	2.7
983	-0.548079	103.934301	0.135557	0.023122	1.6
984	-0.523492	103.580768	0.135942	0.020826	1.9
985	-0.528755	103.274548	0.136277	0.023986	1.7
986	-0.521645	103.497191	0.136033	0.027017	1.5
987	-0.510873	104.005887	0.135479	0.010193	1.6
988	-0.534867	103.705314	0.135806	0.018094	1.5
989	-0.506408	103.381509	0.136159	0.037339	1.5
990	-0.511299	103.027542	0.136548	0.023386	2.3
991	-0.500923	103.620947	0.135898	0.025258	1.6
992	-0.502807	103.267360	0.136284	0.028845	2.6
993	-0.508723	102.913519	0.136674	0.028647	1.6
994	-0.535458	103.846765	0.135652	0.025270	1.5
995	-0.528916	103.882943	0.135613	0.029110	1.7
996	-0.509492	103.529745	0.135997	0.024405	1.5
997	-0.529308	103.664563	0.135850	0.026231	1.7
998	-0.507212	103.310656	0.136237	0.021895	2.3
999	-0.502169	102.956790	0.136626	0.023191	1.6
1000	-0.495666	102.604888	0.137015	0.036905	2.0
1001	-0.522297	103.604339	0.135916	0.020353	1.8
1002	-0.498254	104.444853	0.135005	0.039215	1.6
1003	-0.528669	104.224475	0.135243	0.029208	1.7
1004	-0.512704	103.870504	0.135626	0.028825	1.5
1005	-0.519190	104.870477	0.134549	0.034163	1.5
1006	-0.537378	104.516504	0.134928	0.017130	2.2
1007	-0.510831	104.228600	0.135238	0.019726	1.9
1008	-0.524976	104.061567	0.135419	0.028326	1.7
1009	-0.524040	103.707597	0.135803	0.032822	1.6
1010	-0.491578	104.629934	0.134806	0.045203	1.6
1011	-0.520767	105.629934	0.133742	0.010280	2.1
1012	-0.564497	105.459996	0.133921	0.022224	1.7
1013	-0.523359	105.139359	0.134262	0.022877	1.6
1014	-0.523412	104.786187	0.134639	0.033088	2.4
1015	-0.544274	105.785215	0.133578	0.016416	2.1
1016	-0.525038	105.437883	0.133945	0.038403	1.7
1017	-0.479343	105.084239	0.134321	0.011647	1.6
1018	-0.494253	106.076491	0.133272	0.018252	1.6
1019	-0.522742	106.400580	0.132933	0.031611	1.7
1020	-0.536451	106.051229	0.133298	0.015987	1.6
1021	-0.518389	105.699657	0.133668	0.032526	1.8
1022	-0.505165	105.349843	0.134038	0.022563	2.2
1023	-0.559921	105.603567	0.133770	0.018868	2.2
1024	-0.513492	106.530644	0.132797	0.040393	1.6
1025	-0.487886	107.530629	0.131764	0.024453	1.7
1026	-0.524808	107.177069	0.132127	0.026813	1.6
1027	-0.528908	106.823097	0.132493	0.018923	1.9
1028	-0.518755	106.469194	0.132861	0.028873	1.5
1029	-0.508231	106.174109	0.133169	0.012891	1.5
1030	-0.512653	107.115698	0.132191	0.020447	2.3
1031	-0.510037	107.592232	0.131701	0.036768	1.8
1032	-0.508230	107.303658	0.131997	0.022225	1.6
1033	-0.553666	106.949959	0.132362	0.022277	1.6
1034	-0.545528	106.596006	0.132729	0.044370	1.5
1035	-0.500856	107.596005	0.131697	0.031541	1.9
1036	-0.522509	108.596005	0.130681	0.020990	1.6
1037	-0.528844	108.243467	0.131037	0.041649	1.5
1038	-0.520981	109.243460	0.130031	0.014507	2.9
1039	-0.506605	110.241598	0.129042	0.019286	1.8
1040	-0.521053	111.188880	0.128117	0.028722	1.8
1041	-0.523147	112.188429	0.127156	0.018866	1.6
1042	-0.514325	112.552011	0.126810	0.023587	1.6
1043	-0.517761	112.221655	0.127124	0.014418	1.6
1044	-0.529114	111.879739	0.127451	0.022476	1.7
1045	-0.534961	112.800676	0.126574	0.015798	1.6
1046	-0.544629	112.938977	0.126443	0.009527	2.9
1047	-0.510971	112.606813	0.126758	0.013284	1.7
1048	-0.544318	112.776843	0.126597	0.034988	1.6
1049	-0.557732	112.714711	0.126655	0.027857	1.9
1050	-0.528053	112.360742	0.126992	0.020894	1.6
1051	-0.520230	112.006785	0.127330	0.033073	1.7
1052	-0.543857	112.989916	0.126395	0.023949	1.6
1053	-0.512776	113.987526	0.125461	0.017882	1.9
1054	-0.531999	114.986181	0.124540	0.036687	2.4
1055	-0.514228	114.632208	0.124865	0.026224	1.7
1056	-0.514566	114.564072	0.124928	0.025755	1.6
1057	-0.555601	114.686434	0.124815	0.023973	1.6
1058	-0.538472	115.680666	0.123907	0.014522	1.8
1059	-0.530673	116.599635	0.123080	0.021585	1.7
1060	-0.530156	116.687668	0.123001	0.038185	1.7
1061	-0.531173	116.333701	0.123318	0.012669	2.2
1062	-0.529203	117.275825	0.122478	0.043732	1.7
1063	-0.535293	117.183562	0.122559	0.019353	1.7
1064	-0.528149	116.856745	0.122850	0.015284	1.6
1065	-0.534250	116.503723	0.123165	0.025346	1.6
1066	-0.549159	116.676139	0.123011	0.048624	1.8
1067	-0.510997	116.322166	0.123328	0.020771	1.6
1068	-0.495858	117.312733	0.122445	0.030363	2.5
1069	-0.516768	116.958763	0.122759	0.020174	1.7
1070	-0.519956	117.955692	0.121878	0.014249	1.6
1071	-0.523719	117.771739	0.122040	0.024803	1.5
1072	-0.532435	118.305758	0.121572	0.039964	1.7
1073	-0.541843	117.951785	0.121882	0.038238	1.5
1074	-0.515168	117.597811	0.122193	0.021032	1.7
1075	-0.531657	117.243838	0.122506	0.048077	1.6
1076	-0.514031	118.206487	0.121659	0.025111	2.0
1077	-0.522676	118.145981	0.121712	0.024158	2.3
1078	-0.543086	117.792680	0.122022	0.022553	1.6
1079	-0.534076	117.522263	0.122260	0.022391	1.6
1080	-0.495355	117.204903	0.122541	0.036695	1.5
1081	-0.483387	118.204564	0.121661	0.009223	1.5
1082	-0.518562	118.046618	0.121799	0.023436	1.5
1083	-0.536557	117.696359	0.122106	0.036883	1.9
1084	-0.521840	117.342393	0.122419	0.023918	2.3
1085	-0.558714	118.340581	0.121542	0.028457	1.6
1086	-0.521917	119.334215	0.120681	0.024012	1.7
1087	-0.529554	118.980252	0.120986	0.031869	1.7
1088	-0.497744	118.626293	0.121293	0.025050	1.6
1089	-0.504710	118.272319	0.121601	0.023744	2.1
1090	-0.529953	117.966625	0.121869	0.030895	5.4
1091	-0.513114	118.876731	0.121076	0.023561	3.4
1092	-0.541178	118.534425	0.121373	0.030623	2.2
1093	-0.504483	119.036856	0.120937	0.049064	2.5
1094	-0.520823	120.036856	0.120080	0.019676	2.1
1095	-0.533888	121.036856	0.119235	0.030018	2.3
1096	-0.530168	120.699318	0.119519	0.023574	1.8
1097	-0.502849	120.345364	0.119818	0.032033	2.9
1098	-0.545374	119.991394	0.120119	0.026657	2.1
1099	-0.523896	120.849572	0.119392	0.027177	1.8
1100	-0.501421	121.512857	0.118836	0.018537	1.9
1101	-0.503560	121.260226	0.119047	0.025665	1.7
1102	-0.522223	120.907113	0.119344	0.027577	2.2
1103	-0.542498	120.562453	0.119634	0.024958	1.6
1104	-0.507240	120.228173	0.119917	0.022715	1.7
1105	-0.499269	121.035890	0.119235	0.014107	1.7
1106	-0.518953	121.241306	0.119063	0.014338	1.7
1107	-0.528714	120.896616	0.119352	0.033653	1.6
1108	-0.524939	120.545718	0.119648	0.032391	1.5
1109	-0.517332	120.191783	0.119948	0.020801	1.5
1110	-0.534648	119.838773	0.120249	0.021529	2.0
1111	-0.478502	119.498629	0.120540	0.021759	2.2
1112	-0.530909	119.369176	0.120651	0.029750	4.7
1113	-0.523905	119.020455	0.120952	0.026467	4.4
1114	-0.521494	118.669599	0.121255	0.032586	4.3
1115	-0.544384	119.036836	0.120937	0.038434	1.9
1116	-0.533653	118.682862	0.121244	0.032636	1.8
1117	-0.514743	118.408163	0.121483	0.047809	1.9
1118	-0.532344	118.061000	0.121786	0.016426	1.7
1119	-0.524008	118.470357	0.121429	0.014274	1.6
1120	-0.533366	119.426769	0.120602	0.018039	1.6
1121	-0.486898	119.111089	0.120873	0.023489	2.7
1122	-0.520646	120.068660	0.120053	0.036163	2.1
1123	-0.535644	119.714686	0.120355	0.032471	1.6
1124	-0.502663	120.714685	0.119506	0.024661	1.5
1125	-0.511220	120.364753	0.119801	0.022172	1.8
1126	-0.514175	120.015855	0.120098	0.029559	1.5
1127	-0.519647	119.661943	0.120400	0.027452	1.9
1128	-0.512176	119.308115	0.120704	0.016708	1.9
1129	-0.519798	120.292044	0.119863	0.014824	1.8
1130	-0.513483	120.925414	0.119328	0.017273	1.6
1131	-0.506696	120.763969	0.119464	0.018339	1.5
1132	-0.537905	120.424182	0.119751	0.035968	2.2
1133	-0.524825	120.210925	0.119932	0.054881	1.6
1134	-0.557466	120.247242	0.119901	0.033473	1.6
1135	-0.507876	119.893269	0.120202	0.033343	1.5
1136	-0.526289	119.540297	0.120504	0.018206	1.5
1137	-0.504885	119.310427	0.120702	0.016234	2.7
1138	-0.509975	119.972145	0.120135	0.016553	1.6
1139	-0.509143	119.620409	0.120436	0.022300	1.5
1140	-0.530533	120.111507	0.120016	0.026081	1.8
1141	-0.506652	119.757536	0.120318	0.025946	1.9
1142	-0.536234	119.408087	0.120618	0.019417	2.0
1143	-0.521337	119.433289	0.120596	0.035448	1.6
1144	-0.527545	119.087363	0.120894	0.039115	1.5
1145	-0.526011	118.733389	0.121200	0.036150	2.2
1146	-0.528613	118.379416	0.121508	0.029812	1.7
1147	-0.536634	119.379416	0.120642	0.036750	1.6
1148	-0.516348	120.379124	0.119789	0.023480	2.0
1149	-0.553348	120.061525	0.120059	0.044171	1.6
1150	-0.537423	119.707555	0.120361	0.032062	1.7
1151	-0.511821	120.707555	0.119512	0.022872	1.5
1152	-0.537215	120.420918	0.119754	0.033306	1.8
1153	-0.501369	120.066948	0.120054	0.017576	1.9
1154	-0.551492	121.061546	0.119214	0.043138	2.0
1155	-0.522170	122.046253	0.118393	0.015910	1.8
1156	-0.494238	122.892926	0.117697	0.024501	2.0
1157	-0.528059	123.664008	0.117069	0.018128	1.5
1158	-0.499420	124.413929	0.116465	0.031404	1.6
1159	-0.536514	124.077376	0.116736	0.032329	1.6
1160	-0.504421	123.723403	0.117021	0.053305	1.5
1161	-0.545047	124.723403	0.116218	0.025673	1.8
1162	-0.503487	124.984305	0.116010	0.036618	2.0
1163	-0.522865	125.984110	0.115221	0.016735	2.7
1164	-0.531609	125.630144	0.115499	0.026274	1.6
1165	-0.538291	126.409717	0.114889	0.026001	1.6
1166	-0.544097	126.056251	0.115165	0.034079	1.9
1167	-0.517973	127.055369	0.114388	0.016984	1.6
1168	-0.543910	128.055318	0.113620	0.025887	1.5
1169	-0.528922	127.703310	0.113889	0.031836	1.9
1170	-0.557976	127.544328	0.114011	0.022893	2.2
1171	-0.512641	128.539373	0.113252	0.033532	2.0
1172	-0.519972	128.185811	0.113521	0.054203	1.6
1173	-0.511801	129.185811	0.112765	0.007433	1.5
1174	-0.530327	129.977455	0.112174	0.030464	1.6
1175	-0.513192	130.822318	0.111549	0.022168	1.5
1176	-0.513223	130.468345	0.111810	0.017665	1.7
1177	-0.540483	130.191050	0.112015	0.019503	1.8
1178	-0.549666	129.844029	0.112273	0.035564	2.1
1179	-0.519538	130.841313	0.111536	0.020505	1.6
1180	-0.519431	130.488035	0.111796	0.014068	1.5
1181	-0.496565	130.637546	0.111685	0.009662	1.8
1182	-0.529946	130.704726	0.111636	0.024724	1.6
1183	-0.516772	130.363075	0.111888	0.012939	1.7
1184	-0.515186	130.638445	0.111685	0.040182	1.5
1185	-0.535667	130.284831	0.111946	0.020179	1.6
1186	-0.533462	131.284177	0.111211	0.024603	2.7
1187	-0.496677	130.930605	0.111470	0.018499	1.7
1188	-0.524599	131.692043	0.110914	0.020134	1.6
1189	-0.496767	132.176005	0.110564	0.020144	1.6
1190	-0.517017	131.828511	0.110815	0.021553	1.7
1191	-0.522972	131.484845	0.111065	0.028350	1.8
1192	-0.544516	131.131110	0.111323	0.038483	1.6
1193	-0.532459	130.787924	0.111575	0.028326	1.6
1194	-0.534107	131.787921	0.110845	0.010101	2.2
1195	-0.495712	131.459267	0.111083	0.022331	1.6
1196	-0.517728	131.495081	0.111057	0.029007	1.8
1197	-0.541722	132.370820	0.110423	0.026267	1.6
1198	-0.499324	132.016849	0.110679	0.024966	1.5
1199	-0.535566	132.063701	0.110645	0.015181	1.5
1200	-0.521044	132.971029	0.109993	0.034963	1.6
1201	-0.539723	132.633179	0.110235	0.025799	2.2
1202	-0.541638	133.633095	0.109522	0.023975	2.7
1203	-0.505654	133.720380	0.109460	0.014606	1.7
1204	-0.521787	133.378760	0.109702	0.048852	1.9
1205	-0.509640	134.367548	0.109004	0.034430	1.8
1206	-0.499521	135.367548	0.108307	0.043794	1.5
1207	-0.519408	135.013574	0.108553	0.030230	1.7
1208	-0.516315	134.659602	0.108800	0.014369	1.7
1209	-0.516815	134.313306	0.109042	0.022487	1.6
1210	-0.497212	135.195729	0.108426	0.023769	2.6
1211	-0.538051	136.038980	0.107844	0.012356	1.7
1212	-0.534953	136.656472	0.107422	0.040325	1.8
1213	-0.529000	136.400495	0.107596	0.013568	1.5
1214	-0.529971	136.277857	0.107680	0.027210	1.5
1215	-0.551270	136.732870	0.107370	0.018918	2.1
1216	-0.528405	136.700929	0.107391	0.044001	1.8
1217	-0.528160	137.647651	0.106750	0.018853	1.6
1218	-0.503505	137.862192	0.106606	0.031060	2.4
1219	-0.520995	137.523393	0.106834	0.023904	2.0
1220	-0.525372	137.169424	0.107073	0.033760	1.6
1221	-0.538662	138.169420	0.106400	0.036834	1.5
1222	-0.511656	137.815714	0.106637	0.030226	1.5
1223	-0.510651	138.815709	0.105970	0.023840	1.7
1224	-0.549694	138.471417	0.106199	0.038388	1.6
1225	-0.517679	139.471416	0.105537	0.024584	2.4
1226	-0.530589	139.610610	0.105446	0.030352	2.2
1227	-0.550053	139.256641	0.105679	0.015068	1.8
1228	-0.493274	139.063237	0.105806	0.028517	1.6
1229	-0.553435	138.935783	0.105891	0.020908	1.7
1230	-0.544563	139.601556	0.105452	0.009714	1.6
1231	-0.529182	140.365631	0.104952	0.033232	1.9
1232	-0.511919	140.059607	0.105152	0.035656	1.6
1233	-0.517307	139.705633	0.105383	0.022554	1.7
1234	-0.506302	140.705591	0.104732	0.026247	2.4
1235	-0.540263	141.550377	0.104187	0.023279	1.6
1236	-0.518902	141.808296	0.104022	0.024443	1.5
1237	-0.529228	142.743902	0.103428	0.024147	1.5
1238	-0.496295	142.390062	0.103652	0.016436	1.5
1239	-0.562049	142.036657	0.103877	0.023834	2.2
1240	-0.537550	142.012302	0.103892	0.013353	2.0
1241	-0.510688	141.671020	0.104110	0.014497	1.6
1242	-0.504893	141.378041	0.104298	0.016268	2.4
1243	-0.493131	141.037069	0.104517	0.014936	1.7
1244	-0.523611	140.777574	0.104685	0.024511	1.6
1245	-0.528365	141.718728	0.104080	0.030203	1.6
1246	-0.528290	141.364771	0.104307	0.024226	1.5
1247	-0.521629	142.360398	0.103671	0.011740	1.7
1248	-0.511328	143.235471	0.103118	0.014537	2.0
1249	-0.529893	144.010044	0.102634	0.039539	1.7
1250	-0.521803	144.998891	0.102023	0.039112	2.2
1251	-0.536046	144.644918	0.102241	0.041081	1.6
1252	-0.478122	145.644918	0.101627	0.020975	1.5
1253	-0.552402	146.602158	0.101047	0.035724	1.5
1254	-0.526355	147.127148	0.100732	0.027875	1.9
1255	-0.554842	148.127134	0.100136	0.045521	1.6
1256	-0.526423	147.773219	0.100346	0.023560	2.1
1257	-0.523292	148.313320	0.100026	0.034901	1.6
1258	-0.517347	147.959351	0.100235	0.034370	2.4
1259	-0.534543	147.605397	0.100446	0.040499	1.7
1260	-0.529807	148.576118	0.099871	0.028336	1.6
1261	-0.537093	148.580891	0.099868	0.039424	1.5
1262	-0.513353	148.235102	0.100072	0.035225	1.5
1263	-0.528703	147.881135	0.100282	0.031391	1.5
1264	-0.541725	148.881135	0.099691	0.021473	2.2
1265	-0.531446	149.240966	0.099481	0.029787	1.8
1266	-0.547194	148.917235	0.099670	0.028136	1.5
1267	-0.525457	148.572453	0.099873	0.042283	2.0
1268	-0.495404	148.218479	0.100082	0.022190	1.7
1269	-0.525010	149.215887	0.099495	0.026590	1.7
1270	-0.538106	150.215611	0.098914	0.036528	1.8
1271	-0.541005	151.215594	0.098340	0.021110	1.6
1272	-0.537880	150.864052	0.098541	0.014742	2.3
1273	-0.530847	151.591545	0.098126	0.029917	1.9
1274	-0.519116	152.280395	0.097736	0.022768	2.0
1275	-0.528502	151.926442	0.097936	0.033209	1.9
1276	-0.512934	152.847827	0.097417	0.021899	1.5
1277	-0.503573	153.022095	0.097319	0.023492	1.5
1278	-0.513001	152.668352	0.097517	0.022829	1.9
1279	-0.526706	153.389275	0.097114	0.019833	1.8
1280	-0.524783	153.036371	0.097311	0.019990	1.7
1281	-0.552174	152.757322	0.097468	0.015953	1.5
1282	-0.503837	153.233454	0.097201	0.021115	1.9
1283	-0.534031	154.123952	0.096707	0.030240	2.5
1284	-0.519237	153.770474	0.096903	0.029315	1.5
1285	-0.536388	153.416500	0.097099	0.018566	1.7
1286	-0.531586	153.062577	0.097297	0.034373	1.6
1287	-0.523285	152.709022	0.097495	0.023574	2.1
1288	-0.526713	153.290653	0.097169	0.018849	1.8
1289	-0.524099	152.945043	0.097362	0.016039	1.8
1290	-0.539151	152.654081	0.097526	0.013497	1.9
1291	-0.518038	152.473122	0.097627	0.029529	1.6
1292	-0.520733	152.119727	0.097827	0.028881	1.7
1293	-0.521479	151.765758	0.098027	0.023896	1.8
1294	-0.523692	152.462906	0.097633	0.032345	1.6
1295	-0.500518	153.462541	0.097074	0.024957	1.8
1296	-0.529546	153.266201	0.097183	0.023868	1.6
1297	-0.534484	152.921062	0.097376	0.057219	2.1
1298	-0.523561	153.921062	0.096819	0.034064	2.0
1299	-0.511862	154.921062	0.096269	0.014391	1.6
1300	-0.510692	154.571571	0.096460	0.030175	1.8
1301	-0.522764	154.217950	0.096655	0.018028	1.6
1302	-0.511059	154.061983	0.096741	0.040041	2.1
1303	-0.519931	154.796620	0.096337	0.029506	1.8
1304	-0.530889	155.796316	0.095792	0.017510	1.8
1305	-0.504905	155.442538	0.095984	0.024216	1.6
1306	-0.529556	155.098643	0.096172	0.019143	2.0
1307	-0.490735	154.750666	0.096362	0.025023	1.6
1308	-0.537546	154.396842	0.096556	0.018517	1.8
1309	-0.520739	155.302420	0.096061	0.019199	2.2
1310	-0.537886	156.250877	0.095547	0.025798	1.7
1311	-0.535368	157.238696	0.095017	0.027470	1.9
1312	-0.532568	158.238385	0.094487	0.024941	1.8
1313	-0.531256	157.884881	0.094674	0.022081	1.6
1314	-0.514103	157.536850	0.094858	0.028126	1.9
1315	-0.537930	158.278662	0.094466	0.013831	1.8
1316	-0.489292	158.158328	0.094529	0.021235	2.4
1317	-0.558713	158.558498	0.094319	0.020736	1.6
1318	-0.541333	159.388102	0.093885	0.052920	1.5
1319	-0.503766	159.736212	0.093704	0.025483	1.9
1320	-0.534035	159.603992	0.093773	0.022492	1.7
1321	-0.525767	160.603931	0.093256	0.021178	1.7
1322	-0.512790	160.277007	0.093424	0.023417	2.2
1323	-0.542885	159.923288	0.093607	0.030350	1.9
1324	-0.544896	160.725803	0.093194	0.022942	2.1
1325	-0.530670	160.578349	0.093269	0.021336	2.0
1326	-0.523381	160.285098	0.093420	0.023755	1.6
1327	-0.544765	159.938041	0.093599	0.024899	1.9
1328	-0.537277	159.584190	0.093783	0.023638	1.6
1329	-0.529890	160.201893	0.093463	0.018236	1.6
1330	-0.509061	159.855272	0.093642	0.010441	2.7
1331	-0.543985	159.510168	0.093821	0.027046	1.7
1332	-0.512371	159.413634	0.093872	0.020602	1.6
1333	-0.524449	159.059715	0.094056	0.024655	1.5
1334	-0.518231	158.713231	0.094237	0.022770	1.8
1335	-0.538236	159.381096	0.093888	0.022060	1.7
1336	-0.501070	160.373809	0.093375	0.015497	1.5
1337	-0.540305	160.095376	0.093518	0.013800	1.5
1338	-0.519277	160.706412	0.093204	0.045754	2.3
1339	-0.498949	161.692991	0.092700	0.035267	2.4
1340	-0.517087	161.339017	0.092880	0.029179	1.7
1341	-0.496267	160.985045	0.093061	0.028630	1.6
1342	-0.550211	161.975586	0.092557	0.017077	1.8
1343	-0.527153	161.622377	0.092736	0.018859	1.7
1344	-0.533415	161.623570	0.092736	0.030336	1.8
1345	-0.509645	161.269679	0.092916	0.024338	1.7
1346	-0.549859	162.267839	0.092410	0.031651	2.4
1347	-0.513732	161.916481	0.092587	0.036036	2.1
1348	-0.545937	162.428508	0.092329	0.021257	1.6
1349	-0.506679	162.075093	0.092507	0.023192	1.6
1350	-0.510693	161.721254	0.092686	0.028326	1.8
1351	-0.522350	161.367283	0.092866	0.017837	1.6
1352	-0.516177	162.315414	0.092386	0.031848	1.5
1353	-0.508941	161.961452	0.092564	0.024444	1.5
1354	-0.527592	162.399622	0.092343	0.023190	2.8
1355	-0.542763	163.398878	0.091843	0.039957	1.7
1356	-0.523634	163.049614	0.092017	0.018591	1.6
1357	-0.504095	164.049598	0.091520	0.021910	1.8
1358	-0.530323	163.696172	0.091695	0.032192	1.7
1359	-0.507144	163.351449	0.091866	0.036459	1.8
1360	-0.496725	163.404407	0.091840	0.022944	1.6
1361	-0.538069	163.097359	0.091993	0.035388	2.1
1362	-0.503640	164.097356	0.091496	0.034862	2.2
1363	-0.535031	165.097356	0.091005	0.020925	1.8
1364	-0.517421	165.594003	0.090762	0.032934	1.6
1365	-0.503357	165.240032	0.090935	0.028336	2.0
1366	-0.525787	166.239618	0.090449	0.026818	1.8
1367	-0.531917	166.718605	0.090219	0.020688	1.6
1368	-0.495068	167.447408	0.089870	0.030394	1.8
1369	-0.525625	167.093489	0.090039	0.024532	2.4
1370	-0.530805	168.093473	0.089563	0.025857	1.7
1371	-0.554246	167.812932	0.089696	0.024827	1.6
1372	-0.528529	168.640171	0.089304	0.029009	2.2
1373	-0.513222	169.394628	0.088951	0.020785	1.6
1374	-0.516542	170.391847	0.088487	0.011803	1.6
1375	-0.553859	170.096491	0.088624	0.012045	1.6
1376	-0.525521	169.860403	0.088733	0.026377	1.8
1377	-0.525164	169.625884	0.088843	0.011634	3.0
1378	-0.539904	169.412536	0.088942	0.024418	1.6
1379	-0.524075	169.815505	0.088754	0.019346	1.5
1380	-0.493670	169.466200	0.088917	0.050951	1.8
1381	-0.530046	170.235567	0.088559	0.028636	1.5
1382	-0.539953	170.931218	0.088238	0.018502	1.9
1383	-0.526430	171.281838	0.088077	0.017550	1.6
1384	-0.494528	172.265517	0.087629	0.015703	1.8
1385	-0.546040	173.072812	0.087265	0.031439	1.8
1386	-0.571527	172.769276	0.087401	0.031464	1.9
1387	-0.519283	173.769205	0.086953	0.045148	1.9
1388	-0.511741	173.415317	0.087111	0.031709	1.5
1389	-0.497987	174.415317	0.086665	0.012391	1.5
1390	-0.530720	174.144860	0.086785	0.020155	1.6
1391	-0.510703	173.807460	0.086936	0.027709	1.9
1392	-0.527789	174.767145	0.086509	0.035924	2.7
1393	-0.546769	174.413191	0.086666	0.021535	1.7
1394	-0.540134	175.390619	0.086235	0.029135	1.6
1395	-0.518178	175.042147	0.086388	0.032863	1.7
1396	-0.543149	174.688205	0.086544	0.024508	1.8
1397	-0.512566	174.385437	0.086678	0.020642	1.5
1398	-0.540246	174.038723	0.086833	0.027612	1.6
1399	-0.542934	173.685050	0.086990	0.020670	1.8
1400	-0.513139	173.332442	0.087148	0.026415	2.8
1401	-0.519909	172.978541	0.087307	0.028033	1.6
1402	-0.525799	172.719730	0.087424	0.018959	1.8
1403	-0.513490	173.710271	0.086979	0.018376	2.1
1404	-0.531680	174.700281	0.086539	0.035191	1.6
1405	-0.526405	174.346779	0.086696	0.023615	1.8
1406	-0.526261	174.947395	0.086430	0.027813	1.8
1407	-0.536573	174.593491	0.086586	0.046397	1.9
1408	-0.510871	175.590886	0.086147	0.024482	1.7
1409	-0.513836	175.237844	0.086302	0.023030	2.1
1410	-0.526887	176.118960	0.085916	0.020396	1.6
1411	-0.553804	177.110115	0.085486	0.022247	1.5
1412	-0.518228	177.626642	0.085264	0.022947	1.5
1413	-0.515603	178.625164	0.084838	0.025174	1.9
1414	-0.525395	178.458104	0.084909	0.036677	2.5
1415	-0.544245	178.104304	0.085059	0.018587	1.9
1416	-0.508029	179.103999	0.084634	0.005349	1.7
1417	-0.526056	179.289964	0.084556	0.014672	1.6
1418	-0.530199	179.196023	0.084596	0.031139	1.6
1419	-0.500554	178.937316	0.084705	0.048605	1.6
1420	-0.491215	179.117306	0.084629	0.016378	1.5
1421	-0.493336	179.505568	0.084465	0.012858	1.9
1422	-0.522481	179.406255	0.084507	0.020369	2.1
1423	-0.551826	179.760302	0.084358	0.027621	1.6
1424	-0.525811	179.406332	0.084507	0.021559	2.7
1425	-0.522134	179.605761	0.084423	0.014494	1.6
1426	-0.555657	179.263997	0.084567	0.049360	1.5
1427	-0.527941	179.076267	0.084646	0.030024	1.5
1428	-0.574698	178.722298	0.084796	0.011526	1.5
1429	-0.541837	178.496267	0.084892	0.027915	2.7
1430	-0.542244	178.756480	0.084782	0.026889	1.7
1431	-0.514754	178.419883	0.084925	0.020250	1.7
1432	-0.557172	178.067448	0.085075	0.025664	2.2
1433	-0.509617	177.714293	0.085226	0.017502	1.8
1434	-0.534966	177.362406	0.085378	0.033306	1.5
1435	-0.528498	177.008538	0.085530	0.027596	1.5
1436	-0.530126	176.681458	0.085672	0.024869	1.8
1437	-0.478384	176.327804	0.085825	0.020518	2.0
1438	-0.539526	176.109145	0.085920	0.029862	1.9
1439	-0.515106	176.901943	0.085576	0.017585	2.0
1440	-0.500164	176.776270	0.085631	0.018917	2.4
1441	-0.523970	176.422760	0.085784	0.050827	1.9
1442	-0.510261	177.420974	0.085352	0.025343	1.9
1443	-0.513619	177.067000	0.085505	0.019805	1.9
1444	-0.511234	177.843986	0.085171	0.034647	2.4
1445	-0.520783	177.490381	0.085323	0.040336	1.7
1446	-0.525662	177.136407	0.085475	0.027544	1.6
1447	-0.490793	177.978396	0.085113	0.031089	2.3
1448	-0.529486	178.978376	0.084688	0.019407	1.6
1449	-0.514579	179.977781	0.084267	0.031057	1.6
1450	-0.526175	180.975330	0.083850	0.028322	2.2
1451	-0.498569	181.163583	0.083772	0.022576	2.0
1452	-0.516695	180.812226	0.083918	0.033561	1.5
1453	-0.521383	181.237162	0.083742	0.038505	2.1
1454	-0.520164	182.237162	0.083330	0.016349	2.3
1455	-0.532022	181.932136	0.083455	0.035080	1.8
1456	-0.498048	181.736689	0.083535	0.030290	1.7
1457	-0.542946	181.382716	0.083682	0.026181	2.0
1458	-0.497573	181.524811	0.083623	0.036786	1.8
1459	-0.503997	181.170838	0.083769	0.021975	1.8
1460	-0.548000	181.074028	0.083809	0.041771	2.0
1461	-0.517446	180.794846	0.083925	0.030384	2.5
1462	-0.508865	181.794803	0.083512	0.030390	1.9
1463	-0.508295	181.440962	0.083657	0.033774	1.6
1464	-0.536169	181.086991	0.083804	0.020947	2.5
1465	-0.546298	182.086928	0.083391	0.027832	1.8
1466	-0.513186	181.732986	0.083537	0.040341	1.6
1467	-0.554162	182.732986	0.083127	0.017265	1.9
1468	-0.495084	182.379084	0.083272	0.042783	2.4
1469	-0.529208	182.358949	0.083280	0.057018	1.8
1470	-0.563051	183.358949	0.082872	0.017371	1.6
1471	-0.502386	183.004975	0.083016	0.029401	1.9
1472	-0.536831	184.004676	0.082611	0.030775	1.9
1473	-0.577087	183.677785	0.082743	0.027255	1.7
1474	-0.510359	183.323821	0.082887	0.031304	1.9
1475	-0.538121	184.323697	0.082483	0.013672	3.0
1476	-0.543167	184.188452	0.082537	0.032488	2.0
1477	-0.541429	183.834735	0.082680	0.017140	2.0
1478	-0.520051	183.556753	0.082792	0.017730	1.6
1479	-0.542263	183.235266	0.082923	0.014365	1.6
1480	-0.518717	182.937809	0.083043	0.019781	2.1
1481	-0.527478	183.890391	0.082657	0.028677	1.7
1482	-0.517998	184.778943	0.082300	0.020665	2.3
1483	-0.530399	184.432875	0.082439	0.033585	1.6
1484	-0.519221	184.222117	0.082524	0.022380	1.8
1485	-0.513766	183.868153	0.082666	0.035029	1.7
1486	-0.521296	184.812877	0.082287	0.020904	1.6
1487	-0.535528	184.458962	0.082429	0.022941	1.9
1488	-0.512770	184.115907	0.082566	0.035397	1.6
1489	-0.524507	183.762039	0.082709	0.018155	2.7
1490	-0.539082	183.408278	0.082852	0.030998	1.6
1491	-0.526367	183.059046	0.082994	0.025995	1.9
1492	-0.514698	183.312607	0.082891	0.020081	2.0
1493	-0.530189	183.063692	0.082992	0.022052	1.6
1494	-0.547349	182.767630	0.083113	0.039214	1.9
1495	-0.532165	182.414352	0.083257	0.023497	1.8
1496	-0.547391	182.060380	0.083402	0.033772	1.6
1497	-0.516903	182.845218	0.083081	0.017723	2.4
1498	-0.530156	183.823213	0.082684	0.040602	2.7
1499	-0.498013	183.529766	0.082803	0.024690	2.5
1500	-0.531538	184.527987	0.082401	0.042254	1.7
1501	-0.555890	185.527899	0.082002	0.035908	1.7
1502	-0.529541	185.579956	0.081981	0.029383	2.9
1503	-0.498630	185.225982	0.082122	0.026951	1.8
1504	-0.509881	185.858418	0.081871	0.023581	2.9
1505	-0.506760	186.628070	0.081567	0.029774	1.9
1506	-0.551709	186.281075	0.081704	0.018810	2.0
1507	-0.494170	186.603402	0.081577	0.029014	1.6
1508	-0.540256	186.251773	0.081716	0.034781	2.7
1509	-0.528159	186.473747	0.081628	0.022339	1.7
1510	-0.535116	186.119775	0.081768	0.034113	3.8
1511	-0.535248	187.119761	0.081375	0.026270	2.0
1512	-0.534834	188.119761	0.080986	0.011788	1.7
1513	-0.524584	187.939775	0.081055	0.035650	1.6
1514	-0.509650	187.713995	0.081143	0.019705	2.5
1515	-0.523134	188.713911	0.080756	0.021247	1.7
1516	-0.521841	188.409105	0.080874	0.021400	1.5
1517	-0.533256	188.478991	0.080847	0.016446	2.3
1518	-0.525657	188.142855	0.080977	0.018500	3.0
1519	-0.511669	187.836269	0.081096	0.014076	1.8
1520	-0.487506	187.865897	0.081084	0.019972	1.5
1521	-0.532141	187.546289	0.081208	0.021084	2.0
1522	-0.525102	187.195701	0.081345	0.010042	1.6
1523	-0.536326	187.502404	0.081225	0.036211	1.7
1524	-0.507472	187.149027	0.081363	0.027409	1.6
1525	-0.532510	186.795055	0.081502	0.020690	2.7
1526	-0.505504	186.497953	0.081619	0.017757	1.6
1527	-0.506740	187.108462	0.081379	0.016597	1.7
1528	-0.524807	188.084224	0.080999	0.016368	2.0
1529	-0.516228	188.598092	0.080801	0.026241	1.8
1530	-0.519274	189.340264	0.080516	0.013556	1.6
1531	-0.526216	189.943020	0.080286	0.047568	1.6
1532	-0.507971	189.925162	0.080292	0.023321	3.0
1533	-0.506523	190.908457	0.079920	0.038511	1.7
1534	-0.508817	191.159857	0.079825	0.020929	1.6
1535	-0.554582	190.846040	0.079943	0.035803	1.9
1536	-0.538989	190.492235	0.080077	0.023870	1.8
1537	-0.525784	190.150600	0.080207	0.023201	1.6
1538	-0.521300	189.803998	0.080339	0.033293	1.6
1539	-0.551666	189.506233	0.080452	0.034663	1.8
1540	-0.520303	189.419557	0.080485	0.028971	2.2
1541	-0.500649	189.088507	0.080612	0.019084	2.0
1542	-0.522050	188.740024	0.080746	0.028798	1.7
1543	-0.524520	189.736186	0.080364	0.014168	1.9
1544	-0.535134	189.561285	0.080431	0.028121	1.8
1545	-0.506945	189.241020	0.080554	0.014281	1.6
1546	-0.514474	190.216638	0.080182	0.033843	2.1
1547	-0.526813	190.615210	0.080031	0.020956	3.1
1548	-0.515501	190.376056	0.080121	0.026695	1.7
1549	-0.547502	190.024177	0.080255	0.015772	1.7
1550	-0.533122	189.702961	0.080377	0.030014	2.1
1551	-0.542453	189.934210	0.080289	0.015497	1.6
1552	-0.531488	190.877093	0.079932	0.039244	1.6
1553	-0.520922	191.680508	0.079630	0.024410	1.6
1554	-0.525218	191.326749	0.079762	0.016530	1.5
1555	-0.473040	191.026559	0.079875	0.029304	3.4
1556	-0.508528	190.673656	0.080009	0.019530	1.5
1557	-0.528646	190.700280	0.079998	0.026013	1.5
1558	-0.504965	190.346434	0.080132	0.035603	1.5
1559	-0.507947	189.992618	0.080267	0.043169	1.6
1560	-0.537292	189.638645	0.080402	0.036705	1.9
1561	-0.530074	189.284671	0.080537	0.033710	1.6
1562	-0.520850	190.284473	0.080156	0.021961	1.6
1563	-0.486948	190.625844	0.080027	0.026336	2.0
1564	-0.516736	190.358346	0.080128	0.033283	1.8
1565	-0.494622	191.358194	0.079751	0.035262	1.6
1566	-0.501429	191.004249	0.079884	0.033735	1.6
1567	-0.534348	191.394370	0.079737	0.028926	1.5
1568	-0.520868	191.040402	0.079870	0.018241	1.5
1569	-0.520042	190.686438	0.080004	0.026051	2.0
1570	-0.512213	190.334383	0.080137	0.019838	2.1
1571	-0.546159	191.311057	0.079768	0.018214	1.8
1572	-0.527545	191.819393	0.079578	0.013896	1.6
1573	-0.545327	192.769091	0.079224	0.023675	1.7
1574	-0.542799	192.447823	0.079344	0.017888	1.8
1575	-0.544841	192.103218	0.079472	0.023339	1.5
1576	-0.514243	192.349617	0.079380	0.025579	1.5
1577	-0.542487	191.995683	0.079512	0.033681	1.8
1578	-0.500840	192.993999	0.079141	0.026318	2.1
1579	-0.505449	192.640026	0.079272	0.031440	1.9
1580	-0.547394	192.287010	0.079403	0.039942	2.1
1581	-0.537146	192.750550	0.079231	0.007616	1.8
1582	-0.520022	192.401935	0.079361	0.026629	1.6
1583	-0.514843	192.083007	0.079479	0.031643	2.0
1584	-0.523869	191.729071	0.079612	0.033484	2.0
1585	-0.568335	191.375107	0.079744	0.021916	1.9
1586	-0.546934	191.021153	0.079877	0.028200	2.6
1587	-0.521979	190.667397	0.080011	0.018327	2.2
1588	-0.532847	190.313545	0.080145	0.016620	1.7
1589	-0.520412	189.971195	0.080275	0.021003	1.6
1590	-0.508946	189.618007	0.080410	0.036526	1.6
1591	-0.520866	189.264033	0.080545	0.037805	2.3
1592	-0.512758	190.264033	0.080164	0.018934	2.1
1593	-0.526610	189.932460	0.080290	0.033796	2.1
1594	-0.494804	189.646318	0.080399	0.023618	1.8
1595	-0.522863	189.316137	0.080525	0.020959	1.6
1596	-0.517103	189.983837	0.080270	0.035481	1.5
1597	-0.528291	189.629933	0.080405	0.028769	1.8
1598	-0.560019	190.181397	0.080195	0.015034	1.6
1599	-0.514042	189.830190	0.080329	0.024840	2.3
1600	-0.555459	189.510090	0.080451	0.014437	1.7
1601	-0.517965	189.160409	0.080585	0.015207	3.1
1602	-0.534596	188.817309	0.080716	0.025385	1.7
1603	-0.508618	188.474930	0.080848	0.032991	1.6
1604	-0.517668	189.474769	0.080464	0.014673	1.6
1605	-0.502348	189.121624	0.080600	0.008399	1.6
1606	-0.540792	188.985437	0.080652	0.035985	1.8
1607	-0.510563	189.555490	0.080433	0.028095	1.6
1608	-0.528071	190.492308	0.080077	0.019452	1.5
1609	-0.534850	190.179938	0.080196	0.035720	2.1
1610	-0.522206	189.825991	0.080330	0.023666	1.9
1611	-0.545210	189.472174	0.080465	0.037368	1.6
1612	-0.532399	190.472169	0.080085	0.029420	2.0
1613	-0.520461	190.375203	0.080122	0.025563	1.8
1614	-0.514118	191.357400	0.079751	0.012593	2.1
1615	-0.509582	191.457120	0.079714	0.020071	1.9
1616	-0.522772	191.104668	0.079846	0.024611	2.2
1617	-0.529201	190.750903	0.079979	0.019922	1.6
1618	-0.513261	190.401215	0.080112	0.018540	1.5
1619	-0.519853	190.048260	0.080246	0.032220	1.5
1620	-0.526979	189.696369	0.080380	0.016312	1.5
1621	-0.520955	189.342663	0.080515	0.022884	1.5
1622	-0.500993	188.989713	0.080650	0.024743	2.3
1623	-0.538466	188.635775	0.080786	0.013329	1.6
1624	-0.542572	189.522593	0.080446	0.031448	1.5
1625	-0.525023	190.459406	0.080090	0.023534	2.1
1626	-0.540883	190.105433	0.080224	0.039094	2.0
1627	-0.517051	191.105422	0.079846	0.019708	2.1
1628	-0.530161	191.086981	0.079853	0.020469	2.6
1629	-0.546187	191.195721	0.079812	0.034663	1.9
1630	-0.546877	192.195690	0.079437	0.022761	1.6
1631	-0.513239	191.858847	0.079563	0.034962	2.2
1632	-0.510233	191.505000	0.079696	0.025785	1.6
1633	-0.534888	191.151026	0.079829	0.035665	1.7
1634	-0.496126	190.797053	0.079962	0.023172	1.6
1635	-0.529592	190.524707	0.080065	0.028852	2.4
1636	-0.499990	190.170734	0.080199	0.021244	2.1
1637	-0.530641	191.127889	0.079837	0.025689	2.4
1638	-0.542825	192.119207	0.079466	0.045770	3.0
1639	-0.533318	192.601244	0.079287	0.027196	1.7
1640	-0.522611	193.377172	0.079000	0.026012	1.6
1641	-0.542554	194.376994	0.078633	0.013083	1.7
1642	-0.536110	194.623853	0.078543	0.021554	2.5
1643	-0.532514	194.411873	0.078620	0.033927	1.6
1644	-0.509378	195.223400	0.078325	0.035440	1.6
1645	-0.533494	194.873319	0.078452	0.016179	1.8
1646	-0.507052	194.671266	0.078526	0.017911	2.5
1647	-0.511477	194.413820	0.078619	0.046368	1.7
1648	-0.509628	194.059847	0.078749	0.021834	1.6
1649	-0.508087	195.053579	0.078387	0.034523	2.3
1650	-0.544105	196.053578	0.078025	0.016223	1.6
1651	-0.548281	196.989798	0.077690	0.024289	1.9
1652	-0.504642	196.643803	0.077814	0.021357	1.7
1653	-0.524158	197.642485	0.077458	0.033396	1.6
1654	-0.527934	198.642466	0.077106	0.027811	2.4
1655	-0.522756	198.288496	0.077230	0.020642	1.8
1656	-0.506771	199.242103	0.076896	0.028422	2.6
1657	-0.560087	198.888132	0.077020	0.031986	1.8
1658	-0.535594	199.863197	0.076680	0.039582	1.7
1659	-0.541618	200.863170	0.076334	0.029406	1.6
1660	-0.523370	200.509197	0.076456	0.029209	1.9
1661	-0.513065	200.155226	0.076578	0.043272	2.3
1662	-0.528635	199.801252	0.076701	0.032362	1.6
1663	-0.521050	199.447278	0.076824	0.027835	1.9
1664	-0.535620	199.730127	0.076726	0.053249	2.1
1665	-0.512004	199.376153	0.076849	0.032278	1.7
1666	-0.535254	199.022180	0.076973	0.008844	1.6
1667	-0.550844	198.669412	0.077096	0.027948	1.8
1668	-0.520335	199.256668	0.076891	0.027563	1.6
1669	-0.531849	198.902730	0.077015	0.025988	2.7
1670	-0.551814	198.613297	0.077116	0.030038	1.6
1671	-0.515512	198.260336	0.077240	0.023356	2.2
1672	-0.526031	197.906365	0.077365	0.050075	1.6
1673	-0.538230	197.584574	0.077479	0.026112	1.5
1674	-0.545057	197.230600	0.077605	0.030511	1.8
1675	-0.538987	198.176349	0.077270	0.029145	1.9
1676	-0.513117	197.822390	0.077395	0.024181	1.5
1677	-0.524664	197.571188	0.077484	0.022330	2.5
1678	-0.530839	197.218012	0.077609	0.015523	1.9
1679	-0.520757	196.865284	0.077735	0.021356	2.1
1680	-0.555508	196.562313	0.077843	0.042869	1.7
1681	-0.524186	197.561068	0.077487	0.026334	1.6
1682	-0.540643	198.561068	0.077134	0.021118	1.9
1683	-0.509063	199.496217	0.076807	0.019477	1.9
1684	-0.517326	199.630679	0.076760	0.017838	1.6
1685	-0.520895	200.623142	0.076417	0.022184	1.9
1686	-0.519397	200.619121	0.076418	0.023226	2.7
1687	-0.509488	200.303110	0.076527	0.021783	1.8
1688	-0.517198	199.962461	0.076645	0.017232	1.5
1689	-0.533226	199.672178	0.076746	0.014351	1.7
1690	-0.522541	200.470190	0.076469	0.009036	1.6
1691	-0.515133	200.448471	0.076477	0.023881	1.5
1692	-0.509320	200.242948	0.076548	0.036975	1.9
1693	-0.497034	199.888975	0.076671	0.021689	1.9
1694	-0.529101	199.539787	0.076792	0.021202	1.7
1695	-0.514457	199.247871	0.076894	0.022036	1.5
1696	-0.508793	198.896044	0.077017	0.024956	1.5
1697	-0.529089	199.013369	0.076976	0.043887	2.1
1698	-0.527243	198.659396	0.077100	0.027914	1.5
1699	-0.523570	198.328259	0.077216	0.037087	1.5
1700	-0.529005	197.974286	0.077341	0.017982	2.3
1701	-0.528682	198.973581	0.076990	0.023602	2.7
1702	-0.540200	198.897616	0.077016	0.032805	1.6
1703	-0.541549	198.546715	0.077139	0.035849	1.5
1704	-0.503930	198.192742	0.077264	0.017823	1.5
1705	-0.515690	197.869014	0.077378	0.022600	1.7
1706	-0.534343	197.650653	0.077456	0.019129	1.5
1707	-0.551726	197.300459	0.077580	0.026787	1.8
1708	-0.543204	198.299802	0.077226	0.038853	2.2
1709	-0.527576	197.945828	0.077351	0.016439	2.1
1710	-0.529929	197.939853	0.077353	0.034125	1.6
1711	-0.563148	197.589727	0.077477	0.029045	1.8
1712	-0.537555	197.235759	0.077603	0.017937	1.6
1713	-0.510880	196.881811	0.077729	0.015502	1.6
1714	-0.501054	196.982286	0.077693	0.029093	1.5
1715	-0.545758	196.811374	0.077754	0.037207	1.5
1716	-0.515498	197.592643	0.077476	0.023849	1.5
1717	-0.533909	198.592452	0.077123	0.043730	2.5
1718	-0.523101	198.240136	0.077247	0.025973	1.5
1719	-0.534145	197.886162	0.077372	0.041311	1.5
1720	-0.513391	198.824174	0.077042	0.021317	1.5
1721	-0.519468	199.369158	0.076852	0.035566	1.5
1722	-0.550161	200.362168	0.076507	0.045033	1.9
1723	-0.509062	200.009691	0.076629	0.029555	1.6
1724	-0.512714	200.996404	0.076288	0.019318	1.5
1725	-0.532652	200.659523	0.076404	0.040162	2.9
1726	-0.527191	200.305551	0.076526	0.027448	1.9
1727	-0.523188	201.305550	0.076182	0.028010	1.6
1728	-0.527538	201.993458	0.075947	0.032293	1.6
1729	-0.521445	201.648094	0.076065	0.028966	1.5
1730	-0.556484	201.294121	0.076186	0.014288	1.7
1731	-0.524749	201.666036	0.076059	0.021065	1.5
1732	-0.519286	201.346862	0.076168	0.016135	1.6
1733	-0.492956	201.014874	0.076282	0.031288	2.8
1734	-0.517121	200.668928	0.076401	0.023972	1.6
1735	-0.545718	201.663522	0.076060	0.021626	1.5
1736	-0.495860	201.311826	0.076180	0.010121	1.6
1737	-0.518936	201.383134	0.076156	0.017988	1.7
1738	-0.522846	201.132479	0.076241	0.034278	1.5
1739	-0.542896	200.778511	0.076363	0.040717	1.6
1740	-0.508115	200.424619	0.076485	0.022070	1.7
1741	-0.508134	200.080661	0.076604	0.020967	2.3
1742	-0.506420	200.272440	0.076538	0.023826	1.7
1743	-0.508567	200.290337	0.076532	0.030923	1.5
1744	-0.536613	199.936372	0.076654	0.035428	1.5
1745	-0.517182	199.582400	0.076777	0.018646	1.5
1746	-0.517487	199.233663	0.076899	0.015138	1.5
1747	-0.479882	198.886760	0.077020	0.021956	1.6
1748	-0.546902	198.901242	0.077015	0.035893	1.5
1749	-0.532428	198.547476	0.077139	0.019888	2.0
1750	-0.535438	198.193889	0.077264	0.030618	2.4
1751	-0.542852	197.843607	0.077387	0.035952	1.8
1752	-0.501169	197.489634	0.077513	0.011318	1.6
1753	-0.505131	197.832082	0.077391	0.034424	1.5
1754	-0.523086	197.588777	0.077477	0.043146	1.5
1755	-0.543688	198.588777	0.077125	0.027380	1.7
1756	-0.542948	198.234806	0.077249	0.020128	1.5
1757	-0.525619	198.612695	0.077116	0.026314	2.5
1758	-0.528183	199.540412	0.076792	0.019956	2.5
1759	-0.539060	200.538383	0.076446	0.018435	1.6
1760	-0.552496	200.207979	0.076560	0.028967	1.5
1761	-0.533380	200.078084	0.076605	0.032579	1.7
1762	-0.505523	201.078022	0.076260	0.028968	1.6
1763	-0.533882	202.010090	0.075941	0.023183	1.7
1764	-0.511862	202.925920	0.075631	0.016102	1.5
1765	-0.535007	203.581968	0.075410	0.031964	2.0
1766	-0.539225	203.228164	0.075529	0.030525	2.6
1767	-0.535095	204.228164	0.075194	0.016425	1.6
1768	-0.508852	203.874344	0.075312	0.025515	1.6
1769	-0.510854	203.522652	0.075430	0.019159	1.5
1770	-0.511686	203.169944	0.075548	0.025028	1.5
1771	-0.534474	202.993246	0.075608	0.019810	1.7
1772	-0.541161	202.917902	0.075634	0.027570	1.8
1773	-0.517157	202.832181	0.075662	0.019695	2.1
1774	-0.523685	202.478291	0.075782	0.026281	1.8
1775	-0.529823	202.125804	0.075902	0.030948	1.9
1776	-0.520039	201.849687	0.075996	0.019852	1.9
1777	-0.514657	201.496495	0.076117	0.039089	1.6
1778	-0.542595	201.148492	0.076236	0.029142	1.6
1779	-0.565820	202.148492	0.075894	0.012370	1.6
1780	-0.534397	201.906183	0.075977	0.019281	1.7
1781	-0.531101	201.586691	0.076086	0.016423	2.0
1782	-0.536411	201.236218	0.076206	0.018606	2.4
1783	-0.555187	202.036384	0.075932	0.029755	1.6
1784	-0.526764	201.682414	0.076053	0.044048	1.6
1785	-0.524645	201.328441	0.076174	0.009637	1.7
1786	-0.524644	200.977961	0.076295	0.032609	1.8
1787	-0.511945	200.632016	0.076414	0.024927	1.8
1788	-0.546986	200.278044	0.076536	0.032558	2.2
1789	-0.526322	199.924078	0.076658	0.041104	1.7
1790	-0.531057	200.924078	0.076313	0.017539	2.5
1791	-0.516162	200.570156	0.076435	0.027039	1.6
1792	-0.521802	200.590717	0.076428	0.030282	1.5
1793	-0.531567	200.236743	0.076550	0.024326	1.5
1794	-0.558623	200.832728	0.076344	0.026183	1.5
1795	-0.524817	201.822464	0.076005	0.025566	1.7
1796	-0.544256	201.468630	0.076126	0.023530	2.3
1797	-0.552295	202.183408	0.075882	0.014100	1.6
1798	-0.556918	201.904631	0.075977	0.047372	2.2
1799	-0.532221	202.695802	0.075709	0.030876	1.6
1800	-0.521817	202.509113	0.075772	0.027953	1.9
1801	-0.540930	202.155139	0.075892	0.027155	1.6
1802	-0.521269	203.138266	0.075559	0.031014	1.5
1803	-0.535820	202.784872	0.075678	0.023571	1.5
1804	-0.538853	202.433208	0.075798	0.023284	1.7
1805	-0.539516	202.626139	0.075732	0.038113	1.6
1806	-0.528784	202.272166	0.075852	0.025608	2.1
1807	-0.554888	201.918193	0.075973	0.039727	1.6
1808	-0.512607	201.564220	0.076094	0.015229	1.5
1809	-0.516083	202.548479	0.075759	0.023351	1.5
1810	-0.511731	203.052317	0.075588	0.038809	1.9
1811	-0.532619	202.698344	0.075708	0.029368	2.1
1812	-0.519211	202.344374	0.075828	0.023425	1.6
1813	-0.536851	201.990404	0.075948	0.018200	1.5
1814	-0.531770	201.772288	0.076022	0.019241	1.5
1815	-0.532258	201.479261	0.076123	0.033255	3.0
1816	-0.497586	202.252771	0.075859	0.029880	1.6
1817	-0.522118	203.177957	0.075546	0.019901	1.5
1818	-0.530480	202.824009	0.075665	0.023249	1.5
1819	-0.549011	203.817403	0.075331	0.024547	2.0
1820	-0.527030	203.525212	0.075429	0.053382	1.7
1821	-0.531359	203.171241	0.075548	0.038155	1.6
1822	-0.515209	202.817270	0.075668	0.030065	1.6
1823	-0.533945	203.752795	0.075353	0.026844	2.4
1824	-0.523800	203.398821	0.075471	0.024694	2.2
1825	-0.513313	203.052312	0.075588	0.027367	1.7
1826	-0.531955	202.698339	0.075708	0.024014	1.6
1827	-0.529831	202.344376	0.075828	0.041846	1.8
1828	-0.531846	201.990814	0.075948	0.024357	1.6
1829	-0.527342	202.988707	0.075610	0.033581	1.8
1830	-0.524031	203.983170	0.075275	0.036771	1.8
1831	-0.535673	203.629196	0.075394	0.038322	1.6
1832	-0.521344	203.275223	0.075513	0.019136	1.6
1833	-0.519929	204.273784	0.075178	0.039015	1.5
1834	-0.534712	205.273780	0.074846	0.011968	1.9
1835	-0.491640	204.921074	0.074963	0.030069	1.7
1836	-0.517073	204.725124	0.075028	0.034426	1.6
1837	-0.523551	205.659773	0.074719	0.026454	1.5
1838	-0.525152	206.659773	0.074390	0.022890	1.5
1839	-0.534232	207.659565	0.074065	0.024951	2.2
1840	-0.533969	208.636642	0.073750	0.023863	1.6
1841	-0.514667	208.289281	0.073862	0.024842	1.5
1842	-0.548253	208.046092	0.073940	0.026708	1.5
1843	-0.536164	207.692418	0.074054	0.033125	1.6
1844	-0.518408	207.435374	0.074138	0.032910	1.9
1845	-0.532276	207.083065	0.074252	0.020141	1.6
1846	-0.524838	206.729964	0.074367	0.026837	1.5
1847	-0.513291	206.771347	0.074354	0.023527	1.9
1848	-0.560233	206.417377	0.074470	0.020381	1.6
1849	-0.519272	206.111304	0.074570	0.048210	1.6
1850	-0.524819	205.757354	0.074686	0.024760	1.7
1851	-0.516539	206.757248	0.074359	0.028420	1.6
1852	-0.535892	206.407747	0.074473	0.031114	1.7
1853	-0.528718	206.053784	0.074589	0.032573	1.5
1854	-0.525328	205.700252	0.074705	0.046027	1.9
1855	-0.491770	205.346278	0.074822	0.021008	1.7
1856	-0.541367	204.992305	0.074939	0.030854	1.6
1857	-0.521558	204.638334	0.075057	0.025789	1.5
1858	-0.525728	204.284363	0.075175	0.022477	1.5
1859	-0.543761	203.951345	0.075286	0.038013	1.9
1860	-0.537367	203.597389	0.075405	0.025063	1.6
1861	-0.527640	203.387184	0.075475	0.032955	1.6
1862	-0.510333	204.265243	0.075181	0.022780	1.5
1863	-0.496825	203.911272	0.075299	0.031507	1.6
1864	-0.512561	203.557313	0.075418	0.035092	2.0
1865	-0.539646	203.203339	0.075537	0.022811	1.6
1866	-0.510625	203.041868	0.075592	0.025175	1.9
1867	-0.532585	203.880060	0.075310	0.030407	2.4
1868	-0.534054	204.380648	0.075143	0.022487	1.8
1869	-0.551053	204.152190	0.075219	0.015154	2.3
1870	-0.498528	204.512041	0.075099	0.020124	2.0
1871	-0.541514	205.130741	0.074893	0.027326	1.9
1872	-0.517475	205.590177	0.074742	0.026715	1.6
1873	-0.523544	206.572992	0.074419	0.031687	2.4
1874	-0.547108	206.220989	0.074534	0.024126	1.6
1875	-0.515171	205.868772	0.074650	0.022509	1.5
1876	-0.508310	205.515206	0.074766	0.033459	1.7
1877	-0.517826	205.161234	0.074883	0.018343	1.5
1878	-0.521518	204.807583	0.075001	0.044523	1.7
1879	-0.538848	204.453613	0.075118	0.042290	1.7
1880	-0.534444	205.453613	0.074787	0.031603	1.6
1881	-0.540080	205.101783	0.074903	0.032159	1.9
1882	-0.495466	204.748915	0.075020	0.027552	1.7
1883	-0.548549	204.394963	0.075138	0.032523	1.9
1884	-0.505317	204.322316	0.075162	0.053779	1.6
1885	-0.525444	204.724986	0.075028	0.028975	1.5
1886	-0.524884	205.724984	0.074697	0.040419	1.5
1887	-0.513872	205.404183	0.074803	0.033478	1.5
1888	-0.547237	205.050211	0.074920	0.022155	2.1
1889	-0.546510	204.696239	0.075038	0.019416	2.0
1890	-0.533981	205.693613	0.074707	0.015867	1.6
1891	-0.522907	205.343116	0.074823	0.041033	1.5
1892	-0.542541	205.153779	0.074886	0.032442	1.5
1893	-0.540325	204.799859	0.075003	0.028514	1.8
1894	-0.539618	204.445885	0.075121	0.041087	1.6
1895	-0.517653	204.091912	0.075239	0.044120	1.5
1896	-0.534634	203.737938	0.075358	0.023139	1.6
1897	-0.521181	204.736935	0.075024	0.028489	1.6
1898	-0.535155	205.734485	0.074694	0.051740	2.5
1899	-0.510870	205.380511	0.074811	0.014753	1.6
1900	-0.527191	205.026547	0.074928	0.030473	1.5
1901	-0.540609	204.738904	0.075023	0.028473	1.5
1902	-0.522151	204.407199	0.075134	0.025396	1.6
1903	-0.521103	204.053230	0.075252	0.036917	1.7
1904	-0.525106	203.707251	0.075368	0.028808	1.7
1905	-0.507611	204.707251	0.075034	0.035290	1.8
1906	-0.531732	205.707201	0.074703	0.023382	2.1
1907	-0.558255	205.353826	0.074820	0.015930	1.6
1908	-0.571794	205.292528	0.074840	0.022495	1.7
1909	-0.531632	206.233375	0.074530	0.029455	1.5
1910	-0.520591	205.879463	0.074646	0.020013	1.6
1911	-0.523072	205.526873	0.074762	0.020727	1.6
1912	-0.512099	205.175080	0.074879	0.046134	1.5
1913	-0.527935	206.002804	0.074606	0.029737	1.5
1914	-0.521268	206.169827	0.074551	0.020914	2.7
1915	-0.522188	205.815855	0.074667	0.027220	1.7
1916	-0.525310	205.461963	0.074784	0.025609	1.6
1917	-0.514936	205.108201	0.074901	0.035740	1.5
1918	-0.527882	206.094823	0.074575	0.030099	1.5
1919	-0.519606	206.579308	0.074417	0.035141	1.9
1920	-0.508714	207.579305	0.074091	0.019194	1.6
1921	-0.553682	207.273432	0.074190	0.048647	1.5
1922	-0.514713	206.919467	0.074306	0.031805	1.9
1923	-0.496865	207.919463	0.073981	0.019934	1.6
1924	-0.541505	207.565508	0.074096	0.024006	1.6
1925	-0.505808	207.221515	0.074207	0.025355	1.6
1926	-0.536981	207.252351	0.074197	0.025685	1.6
1927	-0.539001	206.898508	0.074312	0.053664	1.7
1928	-0.524248	206.544534	0.074428	0.034856	1.7
1929	-0.532633	206.190561	0.074544	0.038670	1.9
1930	-0.528969	206.146920	0.074558	0.040559	2.0
1931	-0.546473	206.852978	0.074327	0.021838	1.7
1932	-0.544352	206.499053	0.074443	0.053803	1.7
1933	-0.533731	206.665134	0.074389	0.031835	1.6
1934	-0.526701	206.311160	0.074504	0.035046	2.0
1935	-0.530962	205.957187	0.074621	0.046632	1.7
1936	-0.520504	205.603213	0.074737	0.026582	1.6
1937	-0.530224	206.600101	0.074410	0.023257	1.6
1938	-0.519921	206.416065	0.074470	0.021791	2.4
1939	-0.540957	207.057611	0.074261	0.025653	1.6
1940	-0.547976	206.703909	0.074376	0.053990	1.5
1941	-0.518067	206.349936	0.074492	0.024399	1.5
1942	-0.514296	205.997624	0.074607	0.019059	1.5
1943	-0.525881	206.996834	0.074280	0.028968	1.5
1944	-0.523543	207.806003	0.074018	0.036520	2.0
1945	-0.554384	207.487755	0.074121	0.035982	1.6
1946	-0.518360	207.133782	0.074236	0.018042	1.8
1947	-0.512963	206.779836	0.074351	0.022366	1.9
1948	-0.557047	206.429656	0.074466	0.060849	1.5
1949	-0.481338	206.075684	0.074582	0.036653	1.7
1950	-0.541722	207.068594	0.074257	0.038068	1.6
1951	-0.525559	206.714621	0.074372	0.018767	1.5
1952	-0.512062	206.361893	0.074488	0.038156	1.5
1953	-0.548072	206.007933	0.074604	0.029106	1.6
1954	-0.516150	207.007933	0.074277	0.041022	1.8
1955	-0.509825	206.668069	0.074388	0.036663	1.8
1956	-0.507236	206.314095	0.074504	0.037450	1.5
1957	-0.532227	205.960122	0.074620	0.026769	1.5
1958	-0.528654	205.606148	0.074736	0.028136	1.5
1959	-0.542039	205.252270	0.074853	0.063005	1.8
1960	-0.518530	204.898297	0.074970	0.045913	1.6
1961	-0.537011	204.544323	0.075088	0.012883	1.5
1962	-0.547662	204.190675	0.075206	0.027354	1.5
1963	-0.543646	203.915036	0.075298	0.038426	2.1
1964	-0.551704	203.621448	0.075397	0.034252	2.3
1965	-0.537995	203.267505	0.075516	0.026158	1.6
1966	-0.533057	202.913706	0.075635	0.021882	1.5
1967	-0.557168	202.562816	0.075754	0.047759	1.5
1968	-0.518388	202.315151	0.075838	0.022758	1.5
1969	-0.531194	203.313082	0.075500	0.025645	1.7
1970	-0.519731	202.959200	0.075620	0.033551	1.6
1971	-0.523524	203.846169	0.075321	0.057349	2.0
1972	-0.536709	204.846169	0.074988	0.032550	1.7
1973	-0.527521	204.492195	0.075105	0.023496	1.7
1974	-0.529627	204.151295	0.075219	0.047623	1.7
1975	-0.519276	203.797322	0.075338	0.051064	1.6
1976	-0.516790	203.443348	0.075456	0.027526	1.5
1977	-0.525113	203.089380	0.075576	0.026427	1.5
1978	-0.528464	202.735445	0.075695	0.039835	1.7
1979	-0.538245	202.381471	0.075815	0.022719	2.1
1980	-0.513846	202.163126	0.075889	0.046080	1.8
1981	-0.543422	201.809168	0.076010	0.027936	1.8
1982	-0.553475	201.458156	0.076130	0.041232	1.6
1983	-0.547528	201.104182	0.076251	0.035679	1.5
1984	-0.517030	200.750211	0.076373	0.017840	1.5
1985	-0.518508	200.397558	0.076495	0.032252	1.6
1986	-0.525995	200.043617	0.076617	0.033726	1.5
1987	-0.546992	200.031734	0.076621	0.025188	1.7
1988	-0.550849	200.990291	0.076290	0.016809	1.6
1989	-0.511358	200.636694	0.076412	0.017565	1.5
1990	-0.559057	200.287183	0.076533	0.023508	2.1
1991	-0.534619	200.244367	0.076547	0.027877	1.6
1992	-0.527181	199.890400	0.076670	0.027882	1.5
1993	-0.511608	200.890391	0.076325	0.043709	1.5
1994	-0.487657	201.890389	0.075982	0.022664	1.5
1995	-0.528781	201.536519	0.076103	0.027560	1.7
1996	-0.547011	201.976540	0.075953	0.024191	1.8
1997	-0.572484	201.622567	0.076074	0.034427	1.7
1998	-0.509636	201.268597	0.076195	0.031403	1.9
1999	-0.515330	202.268597	0.075853	0.047361	1.6
