1:ItNr	2:Metric	3a:Time	3b:StepSize	4:||Gradient||	Time[ms]
0	-0.478071	0.000000	0.479478	0.033439	271.9
1	-0.466918	0.000000	0.479478	0.036328	2.1
2	-0.497193	0.000000	0.479478	0.035414	1.7
3	-0.483537	0.000000	0.479478	0.029639	1.8
4	-0.476717	0.000000	0.479478	0.040332	1.8
5	-0.481086	0.000000	0.479478	0.029852	1.5
6	-0.472684	0.000000	0.479478	0.024432	1.5
7	-0.454067	0.758161	0.462771	0.031527	1.6
8	-0.441162	0.000000	0.479478	0.031723	2.8
9	-0.464771	0.000000	0.479478	0.054420	1.9
10	-0.479443	0.000000	0.479478	0.039002	1.6
11	-0.470305	0.000000	0.479478	0.022766	1.6
12	-0.472848	0.000000	0.479478	0.053972	1.9
13	-0.480440	0.000000	0.479478	0.020117	1.6
14	-0.491464	0.000000	0.479478	0.035120	1.6
15	-0.460297	0.688740	0.464252	0.052335	2.5
16	-0.475155	0.000000	0.479478	0.055803	1.8
17	-0.475827	0.000000	0.479478	0.049690	1.7
18	-0.447735	0.000000	0.479478	0.023009	1.6
19	-0.456700	0.000000	0.479478	0.034859	1.8
20	-0.445188	0.257505	0.473670	0.033850	1.5
21	-0.471061	0.000000	0.479478	0.039696	1.6
22	-0.436716	0.000000	0.479478	0.024137	1.9
23	-0.463307	0.000000	0.479478	0.043065	1.8
24	-0.506252	0.999915	0.457686	0.034795	1.7
25	-0.488339	1.994637	0.437887	0.050004	1.6
26	-0.478676	1.157963	0.454421	0.037370	2.0
27	-0.479018	2.157963	0.434799	0.032819	1.6
28	-0.461927	3.157963	0.416800	0.037030	1.4
29	-0.473997	2.255455	0.432976	0.032319	1.5
30	-0.451436	1.379737	0.449918	0.050529	1.6
31	-0.460907	2.379737	0.430674	0.011998	1.7
32	-0.485494	3.379694	0.413010	0.042715	1.5
33	-0.482933	2.488201	0.428685	0.039271	1.9
34	-0.464935	3.488201	0.411180	0.015762	1.8
35	-0.460779	4.487481	0.395059	0.042534	1.6
36	-0.479307	4.088461	0.401342	0.080963	1.7
37	-0.488081	3.185954	0.416318	0.063043	1.6
38	-0.470325	4.185954	0.399788	0.040446	2.3
39	-0.456005	3.283446	0.414647	0.036632	1.7
40	-0.462218	4.283446	0.398247	0.025746	1.5
41	-0.430947	3.384007	0.412937	0.020282	2.2
42	-0.484161	2.497563	0.428515	0.028859	1.7
43	-0.445167	3.490923	0.411134	0.037805	1.5
44	-0.454115	2.588467	0.426863	0.021339	1.5
45	-0.495328	1.773893	0.442131	0.048480	1.5
46	-0.462069	2.770856	0.423588	0.039259	2.6
47	-0.469316	3.770856	0.406488	0.027941	1.6
48	-0.480232	2.879252	0.421665	0.032430	1.6
49	-0.474465	3.877090	0.404752	0.027304	1.7
50	-0.485687	2.977009	0.419946	0.059076	1.8
51	-0.484722	3.977009	0.403133	0.041778	1.9
52	-0.436546	3.074502	0.418245	0.022400	1.6
53	-0.463803	2.172012	0.434535	0.048183	1.5
54	-0.481523	3.097686	0.417843	0.050900	2.4
55	-0.458467	4.097678	0.401194	0.040042	1.6
56	-0.478848	3.195171	0.416159	0.036981	1.8
57	-0.460064	2.295596	0.432230	0.020197	1.7
58	-0.462731	1.404235	0.449426	0.046232	1.9
59	-0.456266	1.996928	0.437843	0.052620	1.5
60	-0.446547	1.094420	0.455728	0.042573	1.5
61	-0.502273	2.079995	0.436267	0.036487	1.7
62	-0.457891	1.762603	0.442350	0.027895	2.0
63	-0.473261	0.860133	0.460612	0.034075	1.6
64	-0.474988	0.000000	0.479478	0.033811	1.5
65	-0.458917	0.930026	0.459144	0.028415	1.5
66	-0.434531	0.050552	0.478327	0.020467	2.4
67	-0.465705	0.000000	0.479478	0.033816	1.6
68	-0.474689	0.994572	0.457797	0.056455	1.5
69	-0.462587	0.092064	0.477386	0.036593	1.7
70	-0.447546	1.092062	0.455777	0.029056	2.0
71	-0.473861	0.302235	0.472676	0.059839	1.8
72	-0.459753	1.302235	0.451482	0.036216	1.6
73	-0.478598	0.399728	0.470522	0.038753	1.5
74	-0.453166	0.000000	0.479478	0.039821	2.3
75	-0.463650	1.000000	0.457684	0.039180	1.6
76	-0.448166	0.097613	0.477260	0.032491	1.6
77	-0.465590	0.000000	0.479478	0.023848	2.3
78	-0.477401	0.395787	0.470609	0.028417	1.6
79	-0.453018	1.395782	0.449596	0.043520	1.6
80	-0.458688	2.395782	0.430379	0.061368	1.6
81	-0.456322	1.493274	0.447647	0.083906	1.8
82	-0.463245	2.493274	0.428593	0.040791	2.1
83	-0.481792	1.590767	0.445715	0.039162	1.6
84	-0.472199	0.697959	0.464055	0.045085	1.6
85	-0.458774	1.697949	0.443610	0.061831	2.4
86	-0.450703	0.809330	0.461685	0.064568	1.8
87	-0.465953	0.000000	0.479478	0.028536	1.6
88	-0.446940	0.000000	0.479478	0.025243	1.6
89	-0.437960	0.000000	0.479478	0.028018	1.8
90	-0.462779	0.000000	0.479478	0.038066	2.1
91	-0.466064	0.949538	0.458736	0.041596	1.6
92	-0.472123	0.047031	0.478407	0.029933	1.5
93	-0.458731	1.047031	0.456708	0.022585	1.9
94	-0.475308	2.043670	0.436955	0.044742	1.5
95	-0.485330	3.043670	0.418782	0.016503	1.9
96	-0.481021	4.038618	0.402141	0.040012	1.6
97	-0.459517	3.302612	0.414320	0.033291	1.8
98	-0.463096	2.400137	0.430299	0.030777	1.9
99	-0.467606	1.497680	0.447559	0.053829	1.6
100	-0.467146	2.497530	0.428515	0.032134	2.4
101	-0.455432	1.596167	0.445609	0.038218	1.7
102	-0.497043	2.596161	0.426724	0.042065	1.5
103	-0.467195	1.693653	0.443694	0.037406	1.6
104	-0.444330	1.788235	0.441853	0.033204	1.5
105	-0.480540	2.515730	0.428184	0.030101	2.0
106	-0.460283	3.515727	0.410718	0.034880	1.9
107	-0.473284	2.613219	0.426416	0.020399	1.7
108	-0.511037	3.604932	0.409229	0.046583	2.3
109	-0.445380	2.704818	0.424768	0.037658	1.9
110	-0.478088	3.704790	0.407575	0.047879	1.6
111	-0.459839	2.802283	0.423029	0.101013	1.7
112	-0.492224	3.802283	0.405973	0.031953	1.8
113	-0.461352	4.802283	0.390239	0.032409	1.6
114	-0.483012	5.802282	0.375679	0.038349	2.1
115	-0.448376	6.227926	0.369806	0.024978	1.7
116	-0.465513	5.325808	0.382478	0.018151	1.9
117	-0.506684	4.478701	0.395195	0.031099	1.5
118	-0.490251	5.477428	0.380288	0.049375	1.5
119	-0.483907	4.574924	0.393708	0.056911	1.7
120	-0.481062	3.828969	0.405536	0.057168	1.8
121	-0.452102	2.928105	0.420804	0.035999	1.5
122	-0.494506	3.928105	0.403924	0.039769	1.8
123	-0.474366	3.136149	0.417177	0.064584	1.9
124	-0.463609	3.959782	0.403411	0.022980	2.2
125	-0.475312	4.958899	0.387884	0.052922	1.7
126	-0.454970	4.498445	0.394889	0.043912	1.5
127	-0.466689	5.498445	0.379986	0.019087	1.7
128	-0.505345	5.011941	0.387093	0.051555	1.8
129	-0.465083	5.143107	0.385151	0.058734	1.7
130	-0.479011	6.143107	0.370962	0.029532	1.8
131	-0.465935	5.262943	0.383394	0.034615	2.1
132	-0.476129	6.262942	0.369331	0.050832	1.8
133	-0.471581	5.360435	0.381976	0.032237	1.8
134	-0.487250	6.360435	0.368015	0.054011	1.6
135	-0.483542	7.360423	0.355039	0.055250	1.8
136	-0.484053	6.723093	0.363201	0.021780	1.6
137	-0.481586	7.721894	0.350570	0.033191	1.5
138	-0.484126	6.819999	0.361936	0.039640	1.5
139	-0.471948	6.012140	0.372760	0.040957	3.2
140	-0.464987	5.199876	0.384317	0.035674	2.0
141	-0.460824	4.297368	0.398027	0.025163	2.4
142	-0.456945	4.603059	0.393275	0.026263	3.8
143	-0.444934	3.820176	0.405680	0.045261	2.1
144	-0.452262	2.933765	0.420705	0.021750	2.0
145	-0.472822	3.932868	0.403846	0.027993	2.3
146	-0.481056	4.921708	0.388441	0.049018	2.1
147	-0.449561	5.921701	0.374012	0.038658	2.1
148	-0.460835	5.019747	0.386977	0.037848	2.6
149	-0.475925	5.709784	0.376980	0.071073	1.9
150	-0.475239	4.807277	0.390163	0.053184	1.5
151	-0.448923	5.807277	0.375609	0.030613	1.8
152	-0.491162	5.478226	0.380277	0.032992	1.5
153	-0.478196	6.477802	0.366443	0.026741	1.5
154	-0.466557	7.451624	0.353901	0.042786	1.9
155	-0.473077	8.451320	0.341888	0.047610	1.8
156	-0.505946	9.451282	0.330661	0.031472	1.6
157	-0.489796	8.548775	0.340760	0.074110	1.5
158	-0.473132	7.646267	0.351496	0.027411	1.6
159	-0.475387	8.646267	0.339640	0.040993	2.3
160	-0.493738	7.754618	0.350172	0.036694	1.6
161	-0.469923	6.852111	0.361518	0.037602	1.5
162	-0.447440	7.852111	0.348988	0.021882	1.9
163	-0.457933	8.847577	0.337349	0.024509	2.0
164	-0.468177	7.947408	0.347839	0.019538	1.6
165	-0.475873	7.267404	0.356207	0.055281	1.5
166	-0.471812	8.267148	0.344039	0.026635	2.5
167	-0.461264	7.364641	0.354986	0.065456	1.9
168	-0.473876	8.364641	0.342897	0.039481	1.6
169	-0.460909	7.462133	0.353770	0.027284	1.9
170	-0.474688	7.630669	0.351687	0.043865	1.5
171	-0.477811	6.728161	0.363134	0.021022	1.6
172	-0.483530	5.882906	0.374552	0.051251	1.7
173	-0.486854	6.843663	0.361628	0.038209	2.4
174	-0.464446	5.941156	0.373742	0.029662	1.7
175	-0.472455	5.038648	0.386696	0.045548	1.5
176	-0.476355	4.154942	0.400281	0.023014	1.5
177	-0.432256	5.154942	0.384977	0.025755	2.1
178	-0.481007	4.260718	0.398605	0.035996	1.6
179	-0.462448	3.368972	0.413191	0.057543	1.7
180	-0.512748	4.365185	0.396963	0.042929	1.5
181	-0.458848	3.462677	0.411609	0.040676	2.3
182	-0.469155	2.560170	0.427376	0.033407	2.2
183	-0.501305	3.558736	0.409999	0.095057	1.6
184	-0.442732	4.556713	0.393988	0.050029	1.5
185	-0.487069	3.654330	0.408409	0.054059	1.8
186	-0.469969	4.654330	0.392489	0.038865	1.6
187	-0.475925	5.654326	0.377764	0.040029	1.7
188	-0.478432	4.751818	0.391003	0.076937	1.6
189	-0.470248	5.751818	0.376387	0.038189	2.0
190	-0.477021	6.751818	0.362825	0.061862	2.1
191	-0.483895	5.849311	0.375021	0.024547	1.8
192	-0.459226	6.849311	0.361555	0.036541	2.0
193	-0.483176	7.848465	0.349032	0.048562	1.7
194	-0.471292	8.019596	0.346974	0.029889	1.6
195	-0.481567	9.019596	0.335416	0.042638	1.7
196	-0.467098	10.019556	0.324603	0.042060	2.9
197	-0.431111	9.311349	0.332187	0.037254	2.0
198	-0.479453	8.408841	0.342382	0.040894	1.7
199	-0.448893	7.506374	0.353221	0.021545	2.1
200	-0.477482	6.603869	0.364769	0.069871	1.7
201	-0.483889	5.702535	0.377082	0.019445	1.6
202	-0.468528	4.800028	0.390273	0.040194	2.2
203	-0.485892	4.273890	0.398397	0.047611	1.8
204	-0.465923	3.399734	0.412670	0.048403	2.7
205	-0.486278	2.497227	0.428521	0.046609	1.6
206	-0.462142	3.497227	0.411028	0.051308	1.8
207	-0.453296	2.594737	0.426750	0.013002	1.9
208	-0.459453	2.117127	0.435567	0.030048	2.0
209	-0.469573	1.384997	0.449812	0.037810	2.5
210	-0.473099	0.482490	0.468710	0.068235	1.6
211	-0.492595	1.482488	0.447862	0.014374	1.5
212	-0.482262	2.183711	0.434316	0.032662	2.1
213	-0.464728	2.914941	0.421036	0.056111	2.0
214	-0.475094	3.914903	0.404138	0.055700	1.6
215	-0.450760	4.914903	0.388543	0.031836	1.6
216	-0.467456	5.914903	0.374107	0.055680	1.5
217	-0.501810	6.914903	0.360705	0.021415	2.5
218	-0.484542	7.914903	0.348230	0.061643	2.0
219	-0.463306	8.914883	0.336590	0.036878	1.5
220	-0.469127	9.914883	0.325702	0.039896	4.3
221	-0.474857	10.481496	0.319840	0.047338	1.6
222	-0.474196	11.481496	0.309993	0.102558	2.0
223	-0.482873	12.481496	0.300735	0.045405	2.2
224	-0.484133	13.481496	0.292013	0.026707	1.7
225	-0.465180	14.481495	0.283783	0.050128	1.5
226	-0.460294	15.481494	0.276004	0.055141	2.1
227	-0.467926	16.481494	0.268641	0.036437	2.1
228	-0.510418	15.578987	0.275269	0.035760	1.7
229	-0.475758	14.676480	0.282232	0.064851	1.6
230	-0.460214	15.676480	0.274537	0.058630	1.6
231	-0.472691	14.773972	0.281463	0.036629	2.9
232	-0.482011	13.871465	0.288747	0.045343	1.6
233	-0.495770	12.968957	0.296419	0.034433	1.6
234	-0.453454	13.968957	0.287942	0.029995	2.1
235	-0.484180	13.602609	0.290991	0.036431	2.0
236	-0.474338	14.602609	0.282818	0.035336	1.8
237	-0.465732	13.744560	0.289802	0.035624	1.5
238	-0.481593	14.614851	0.282720	0.060890	2.3
239	-0.455476	15.614231	0.275004	0.056356	1.7
240	-0.457640	14.711724	0.281954	0.023690	1.8
241	-0.476934	15.711690	0.274274	0.032398	1.6
242	-0.473612	16.711687	0.267001	0.046041	2.3
243	-0.468029	17.706687	0.260137	0.039073	1.6
244	-0.453374	16.804179	0.266347	0.030449	1.5
245	-0.496047	17.804174	0.259484	0.041974	1.7
246	-0.487941	18.804174	0.252965	0.051749	2.2
247	-0.473364	17.901812	0.258832	0.052432	1.5
248	-0.477469	16.999305	0.264980	0.036462	1.5
249	-0.471157	17.999305	0.258185	0.033149	1.5
250	-0.486217	18.998963	0.251733	0.050736	3.1
251	-0.465540	19.994279	0.245621	0.021999	1.8
252	-0.473099	19.091818	0.251150	0.042383	1.6
253	-0.507063	18.189450	0.256933	0.031447	1.8
254	-0.477390	19.189450	0.250540	0.035198	1.6
255	-0.456756	18.326643	0.256036	0.074775	1.5
256	-0.452909	19.315935	0.249754	0.039616	1.5
257	-0.470007	18.416754	0.255451	0.024889	2.5
258	-0.466336	17.558949	0.261134	0.032936	1.9
259	-0.473792	16.817396	0.266254	0.048403	1.7
260	-0.467051	17.817396	0.259395	0.059836	2.1
261	-0.468195	16.914889	0.265570	0.079272	1.7
262	-0.480033	16.888771	0.265753	0.048513	1.6
263	-0.485513	17.888771	0.258919	0.032266	1.7
264	-0.476168	17.654650	0.260487	0.016506	1.9
265	-0.454666	18.576210	0.254422	0.073382	2.3
266	-0.445869	17.673702	0.260359	0.020292	1.8
267	-0.491667	16.771195	0.266580	0.050969	1.6
268	-0.469762	15.868687	0.273106	0.046383	1.8
269	-0.488183	14.966180	0.279959	0.047540	1.6
270	-0.477280	15.966180	0.272385	0.036616	1.6
271	-0.444542	16.966179	0.265211	0.043962	1.5
272	-0.474580	17.748235	0.259858	0.047061	1.8
273	-0.481639	16.845727	0.266055	0.057498	3.0
274	-0.471919	15.943220	0.272555	0.031377	2.4
275	-0.478983	15.040712	0.279380	0.034540	1.7
276	-0.490650	14.160470	0.286374	0.019030	1.6
277	-0.473938	13.258129	0.293917	0.041984	1.7
278	-0.501196	12.356092	0.301865	0.028921	1.7
279	-0.452275	13.274098	0.293780	0.026292	1.6
280	-0.486374	12.371595	0.301725	0.036667	2.5
281	-0.482881	13.371499	0.292948	0.024568	1.8
282	-0.497158	14.371497	0.284666	0.059929	1.8
283	-0.490956	15.364537	0.276892	0.038724	1.5
284	-0.465208	16.364537	0.269481	0.049907	1.7
285	-0.482881	15.462030	0.276152	0.024471	1.5
286	-0.493270	16.462030	0.268780	0.032879	2.1
287	-0.427456	17.374083	0.262392	0.045076	2.0
288	-0.482985	18.374083	0.255728	0.026748	2.1
289	-0.486093	19.246041	0.250187	0.029892	2.4
290	-0.452533	20.212828	0.244318	0.029088	2.0
291	-0.465523	19.496426	0.248640	0.029291	1.5
292	-0.447178	20.449405	0.242924	0.037357	1.6
293	-0.481154	19.547028	0.248330	0.036737	1.8
294	-0.492168	20.545755	0.242360	0.032561	1.5
295	-0.461996	21.545754	0.236664	0.033525	2.5
296	-0.489343	20.645120	0.241782	0.036043	2.6
297	-0.453593	21.645120	0.236113	0.073222	2.0
298	-0.476097	20.742612	0.241217	0.045920	1.9
299	-0.476687	19.840105	0.246548	0.041918	2.0
300	-0.484695	20.805033	0.240857	0.047344	1.8
301	-0.473620	19.902526	0.246172	0.020547	1.5
302	-0.455121	20.294652	0.243834	0.027728	1.9
303	-0.495736	19.402515	0.249218	0.034525	2.7
304	-0.476114	18.500008	0.254913	0.035126	2.3
305	-0.489032	18.042083	0.257902	0.029846	1.6
306	-0.486731	18.760734	0.253241	0.049143	1.6
307	-0.455202	17.858226	0.259123	0.035650	1.6
308	-0.469798	18.858226	0.252622	0.026316	1.6
309	-0.474620	18.083193	0.257631	0.049215	1.6
310	-0.469764	17.180686	0.263721	0.018705	2.0
311	-0.482294	16.279552	0.270096	0.043538	2.1
312	-0.472238	15.377056	0.276797	0.070739	1.6
313	-0.479423	14.474548	0.283839	0.036216	1.7
314	-0.497999	13.572041	0.291248	0.039709	1.7
315	-0.476644	13.025333	0.295928	0.028517	1.6
316	-0.479275	14.025332	0.287479	0.030334	1.6
317	-0.453757	15.025127	0.279501	0.057294	1.6
318	-0.435962	16.025127	0.271952	0.039376	1.5
319	-0.482387	17.025127	0.264800	0.012501	2.7
320	-0.481941	17.797658	0.259527	0.068606	1.7
321	-0.494367	16.898526	0.265684	0.043714	1.5
322	-0.467804	15.996018	0.272166	0.020159	1.5
323	-0.479974	15.117083	0.278789	0.047656	1.5
324	-0.475252	14.261207	0.285556	0.035993	2.1
325	-0.465549	14.752408	0.281633	0.019192	1.6
326	-0.465881	15.591709	0.275173	0.035457	1.6
327	-0.466794	14.689205	0.282131	0.032683	2.5
328	-0.465633	15.656000	0.274690	0.016198	2.0
329	-0.460596	14.756370	0.281602	0.030500	1.7
330	-0.495060	13.858560	0.288854	0.040206	1.5
331	-0.457255	12.956054	0.296532	0.027867	1.5
332	-0.486262	13.949211	0.288105	0.044133	2.0
333	-0.464530	14.949194	0.280091	0.034960	1.6
334	-0.479590	15.820952	0.273460	0.019449	1.7
335	-0.492680	14.929555	0.280244	0.039533	2.7
336	-0.441955	14.027264	0.287463	0.054557	1.7
337	-0.487735	13.124775	0.295066	0.040160	1.5
338	-0.457807	14.124775	0.286665	0.057589	1.6
339	-0.497625	13.222267	0.294225	0.042259	1.7
340	-0.466436	12.319760	0.302194	0.013903	1.7
341	-0.471283	13.311291	0.293462	0.035442	1.5
342	-0.487673	12.900251	0.297020	0.049294	1.5
343	-0.467312	11.997752	0.305143	0.028533	2.9
344	-0.489056	12.096684	0.304231	0.070341	1.7
345	-0.493859	11.194177	0.312760	0.039562	1.5
346	-0.495648	10.291669	0.321780	0.023760	1.9
347	-0.477679	11.291052	0.311822	0.015597	1.8
348	-0.477496	10.411160	0.320556	0.052800	2.0
349	-0.487750	9.508704	0.330039	0.053817	1.6
350	-0.487468	8.606197	0.340099	0.054955	1.7
351	-0.490540	7.703690	0.350793	0.049892	2.6
352	-0.500181	8.703690	0.338983	0.037587	1.8
353	-0.453135	9.703687	0.327943	0.022647	1.6
354	-0.478217	8.801207	0.337874	0.050219	2.1
355	-0.461393	9.797265	0.326946	0.029296	1.6
356	-0.469396	10.797265	0.316664	0.038291	1.5
357	-0.468999	9.894758	0.325914	0.053720	1.8
358	-0.501956	8.992251	0.335722	0.041995	2.5
359	-0.466274	9.992111	0.324891	0.055580	1.6
360	-0.473449	10.992106	0.314735	0.045579	1.5
361	-0.470799	10.089598	0.323872	0.032206	1.5
362	-0.470957	11.089598	0.313779	0.047986	2.2
363	-0.467167	10.253382	0.322175	0.050215	1.8
364	-0.497477	9.350875	0.331755	0.065295	1.6
365	-0.464568	8.448367	0.341922	0.037468	2.2
366	-0.450404	7.565471	0.352490	0.062101	2.5
367	-0.495886	8.564765	0.340576	0.054168	1.6
368	-0.453168	9.559087	0.329494	0.041641	1.5
369	-0.470520	8.658895	0.339495	0.022810	1.8
370	-0.466731	8.022337	0.346941	0.043607	1.5
371	-0.490731	8.154505	0.345369	0.028505	1.9
372	-0.491439	7.251998	0.356401	0.023159	1.6
373	-0.468523	8.244984	0.344300	0.048340	1.8
374	-0.473474	9.244978	0.332916	0.036219	2.1
375	-0.468731	8.342470	0.343156	0.017249	1.7
376	-0.472728	8.767284	0.338259	0.019118	1.8
377	-0.517588	9.441950	0.330762	0.060215	1.6
378	-0.452341	9.812547	0.326784	0.049402	1.5
379	-0.440370	10.812547	0.316512	0.021655	1.6
380	-0.516229	11.473264	0.310072	0.042565	2.2
381	-0.482370	10.570821	0.318935	0.052386	1.7
382	-0.475372	9.668313	0.328321	0.030030	2.2
383	-0.467805	10.665500	0.317982	0.028023	1.6
384	-0.478851	9.762993	0.327310	0.041120	1.8
385	-0.479650	9.568017	0.329398	0.034580	1.8
386	-0.452801	10.568017	0.318964	0.028528	1.6
387	-0.463539	11.168026	0.313014	0.039212	1.7
388	-0.474034	12.168026	0.303577	0.022253	2.3
389	-0.489257	13.045508	0.295753	0.040643	1.6
390	-0.481089	12.163499	0.303618	0.059265	2.9
391	-0.475230	11.260991	0.312112	0.014225	1.8
392	-0.465913	12.247545	0.302851	0.015029	1.6
393	-0.464523	12.826911	0.297664	0.036458	1.6
394	-0.468259	13.138659	0.294946	0.017064	1.5
395	-0.466803	13.017062	0.296000	0.027025	2.3
396	-0.489909	12.117744	0.304038	0.066054	1.7
397	-0.470638	11.215479	0.312553	0.046892	1.6
398	-0.472367	12.214740	0.303150	0.044721	2.6
399	-0.475688	11.312233	0.311617	0.048726	2.2
400	-0.466869	10.409783	0.320570	0.056921	1.6
401	-0.495928	9.507275	0.330054	0.046906	1.6
402	-0.500173	9.825233	0.326650	0.047845	2.0
403	-0.468592	10.501980	0.319632	0.056260	1.9
404	-0.479113	9.599473	0.329060	0.053805	1.7
405	-0.464743	10.265099	0.322054	0.034296	2.6
406	-0.462043	11.264610	0.312077	0.056925	1.9
407	-0.470096	10.362898	0.321050	0.045858	1.6
408	-0.455638	11.362898	0.311129	0.033770	1.7
409	-0.486570	10.584001	0.318802	0.039921	1.6
410	-0.485930	9.711276	0.327862	0.031057	2.0
411	-0.471065	8.808770	0.337788	0.043647	1.6
412	-0.470430	7.906568	0.348331	0.028736	1.5
413	-0.460030	8.906568	0.336683	0.051877	2.4
414	-0.467616	9.906568	0.325790	0.021950	1.6
415	-0.460554	10.906568	0.315579	0.047691	1.6
416	-0.472314	10.004478	0.324761	0.031163	1.6
417	-0.461861	9.102143	0.334496	0.032299	2.7
418	-0.471904	8.199693	0.344834	0.056040	1.6
419	-0.490168	7.297186	0.355832	0.030033	1.5
420	-0.497454	6.414817	0.367285	0.035938	1.9
421	-0.484842	7.414814	0.354359	0.050918	2.3
422	-0.465158	6.512307	0.365983	0.045489	1.9
423	-0.482991	6.314608	0.368632	0.042124	1.6
424	-0.483970	5.412103	0.381229	0.048292	2.4
425	-0.496401	6.411986	0.367323	0.040073	2.6
426	-0.455084	5.509478	0.379828	0.041886	1.9
427	-0.466726	6.509476	0.366021	0.034632	2.6
428	-0.462045	7.509099	0.353187	0.044665	1.9
429	-0.464495	6.710253	0.363369	0.023752	1.7
430	-0.484934	7.710102	0.350714	0.018999	2.3
431	-0.452770	7.283408	0.356005	0.035672	2.1
432	-0.487907	6.891879	0.361003	0.032848	1.6
433	-0.461464	7.891878	0.348508	0.032165	1.5
434	-0.466882	7.721736	0.350572	0.048717	1.5
435	-0.461877	8.720280	0.338794	0.023878	3.0
436	-0.463200	8.318843	0.343433	0.029600	1.6
437	-0.470730	9.314021	0.332158	0.025111	2.0
438	-0.484649	8.538712	0.340876	0.028379	2.0
439	-0.471234	9.522213	0.329892	0.015494	2.0
440	-0.509687	8.627655	0.339853	0.042834	1.6
441	-0.448087	9.625251	0.328783	0.019480	1.5
442	-0.477706	10.621183	0.318427	0.068959	2.2
443	-0.486202	9.748417	0.327466	0.051443	2.1
444	-0.483397	10.748417	0.317151	0.028705	1.9
445	-0.459127	9.845910	0.326431	0.026349	2.0
446	-0.475448	10.390602	0.320766	0.062093	1.6
447	-0.467688	11.386647	0.310901	0.053367	1.6
448	-0.490835	10.484140	0.319813	0.044286	1.7
449	-0.464765	10.242788	0.322284	0.010774	1.9
450	-0.448847	11.240410	0.312311	0.030716	2.3
451	-0.466194	12.072925	0.304450	0.032657	1.6
452	-0.481398	11.417548	0.310605	0.030950	2.4
453	-0.470078	11.136073	0.313325	0.059888	1.6
454	-0.436661	10.233897	0.322376	0.044774	1.6
455	-0.467889	9.331390	0.331968	0.071903	1.6
456	-0.463404	8.428882	0.342148	0.034367	1.9
457	-0.479597	7.526375	0.352973	0.037340	2.6
458	-0.485021	6.623867	0.364505	0.057731	2.2
459	-0.466907	7.612100	0.351916	0.025526	1.9
460	-0.463078	8.488525	0.341456	0.030452	1.6
461	-0.500464	7.586056	0.352236	0.053040	1.7
462	-0.472559	8.586056	0.340331	0.041491	1.6
463	-0.461204	9.586054	0.329204	0.056212	1.8
464	-0.489451	10.586054	0.318781	0.015095	2.1
465	-0.477317	9.683718	0.328156	0.049409	1.9
466	-0.456767	8.781260	0.338100	0.059532	2.4
467	-0.489666	9.781260	0.327116	0.034711	1.9
468	-0.457743	10.781260	0.316823	0.049680	1.6
469	-0.468107	9.878753	0.326083	0.052056	1.7
470	-0.458173	10.878753	0.315855	0.030818	1.6
471	-0.460282	11.878753	0.306248	0.047061	2.5
472	-0.466056	11.051781	0.314149	0.037281	2.7
473	-0.463476	12.051724	0.304645	0.051767	2.2
474	-0.470294	11.149216	0.313197	0.072458	2.0
475	-0.483832	10.246709	0.322243	0.022474	1.6
476	-0.507383	9.344202	0.331828	0.047745	1.5
477	-0.483292	8.441705	0.341999	0.028809	1.6
478	-0.470615	9.441705	0.330765	0.047775	1.9
479	-0.441264	8.539303	0.340870	0.023073	1.6
480	-0.473725	9.536729	0.329736	0.036700	2.2
481	-0.485794	10.337586	0.321309	0.046105	2.1
482	-0.479971	9.435090	0.330837	0.036750	1.7
483	-0.460107	10.435090	0.320312	0.039282	1.6
484	-0.469167	9.532613	0.329780	0.049943	2.0
485	-0.478484	10.532613	0.319322	0.033739	2.0
486	-0.473921	11.532613	0.309506	0.028902	1.6
487	-0.491777	12.532521	0.300277	0.042530	3.3
488	-0.481741	13.532521	0.291582	0.039802	2.1
489	-0.450915	12.632127	0.299388	0.036107	1.6
490	-0.483231	11.729619	0.307643	0.030682	1.5
491	-0.475353	10.827112	0.316367	0.052801	1.6
492	-0.481793	9.924604	0.325600	0.036276	1.9
493	-0.468286	10.924604	0.315401	0.043328	1.9
494	-0.457180	10.024885	0.324547	0.045898	2.3
495	-0.481040	9.122378	0.334271	0.031746	2.1
496	-0.460238	10.122378	0.323531	0.019624	1.6
497	-0.497796	10.177476	0.322959	0.089326	1.9
498	-0.479990	11.176489	0.312932	0.060779	1.7
499	-0.491791	10.273982	0.321962	0.035479	2.0
500	-0.461213	11.273982	0.311987	0.063754	1.6
501	-0.472932	12.273982	0.302610	0.044022	1.6
502	-0.495973	11.371475	0.311047	0.050295	3.4
503	-0.479222	12.371475	0.301726	0.052448	1.6
504	-0.478661	11.468967	0.310113	0.057758	1.5
505	-0.466078	10.747797	0.317157	0.042339	1.6
506	-0.471349	9.847116	0.326418	0.050135	1.6
507	-0.490317	8.944609	0.336256	0.034330	2.1
508	-0.464135	8.211432	0.344695	0.024750	1.6
509	-0.492260	7.308925	0.355685	0.027154	1.7
510	-0.480678	7.916887	0.348206	0.060857	2.3
511	-0.484637	7.015443	0.359411	0.054125	1.7
512	-0.455259	6.112936	0.371374	0.046161	1.6
513	-0.487252	5.210429	0.384162	0.034765	1.6
514	-0.463343	4.307921	0.397862	0.060581	2.0
515	-0.477149	5.307921	0.382738	0.042714	1.6
516	-0.495292	4.405414	0.396335	0.044339	1.5
517	-0.494178	3.533987	0.410412	0.021297	2.2
518	-0.462566	4.533985	0.394339	0.040371	1.6
519	-0.486578	3.631478	0.408788	0.033253	1.5
520	-0.484775	4.626004	0.392923	0.046298	1.9
521	-0.488236	5.626003	0.378166	0.040916	2.0
522	-0.485830	6.626003	0.364477	0.043306	1.6
523	-0.458779	7.626003	0.351745	0.034608	1.5
524	-0.494501	6.776459	0.362503	0.025648	3.4
525	-0.492476	7.692703	0.350927	0.040881	1.8
526	-0.475512	6.790667	0.362318	0.055772	1.6
527	-0.463352	5.888159	0.374479	0.035414	1.6
528	-0.493976	6.888159	0.361051	0.027019	1.9
529	-0.489640	7.256668	0.356342	0.040904	1.9
530	-0.514097	8.254570	0.344187	0.033250	1.6
531	-0.501663	9.254569	0.332811	0.018582	1.9
532	-0.476039	10.249454	0.322215	0.033373	2.4
533	-0.473708	9.424781	0.330949	0.053107	1.6
534	-0.465675	8.553501	0.340706	0.033393	1.7
535	-0.499116	9.553500	0.329555	0.027921	1.6
536	-0.481272	9.193578	0.333483	0.037909	1.5
537	-0.459917	8.291163	0.343757	0.029849	1.6
538	-0.491899	7.502844	0.353265	0.026669	1.6
539	-0.480130	6.600342	0.364816	0.056672	2.5
540	-0.473601	7.600342	0.352060	0.035112	2.3
541	-0.466113	6.697834	0.363532	0.029247	1.6
542	-0.489109	6.189164	0.370333	0.033228	1.5
543	-0.488243	5.286661	0.383048	0.032841	1.5
544	-0.458441	6.286661	0.369010	0.010616	1.6
545	-0.486387	7.087137	0.358493	0.033954	1.6
546	-0.451389	7.319531	0.355551	0.021534	1.6
547	-0.456747	8.163283	0.345265	0.047576	1.9
548	-0.484747	7.260775	0.356291	0.032938	1.6
549	-0.467932	8.260775	0.344114	0.023528	2.6
550	-0.480542	9.026554	0.335338	0.045358	1.6
551	-0.474951	10.026554	0.324530	0.041043	1.5
552	-0.483018	11.026554	0.314397	0.023487	1.5
553	-0.487933	10.134283	0.323407	0.043802	1.5
554	-0.457581	9.231776	0.333062	0.043875	1.9
555	-0.470424	10.231775	0.322398	0.028922	2.0
556	-0.472250	11.231747	0.312395	0.037306	1.6
557	-0.491397	12.231747	0.302995	0.064143	2.2
558	-0.465494	11.329240	0.311453	0.043035	1.6
559	-0.492260	10.426732	0.320398	0.028850	1.6
560	-0.475425	11.417929	0.310601	0.068068	1.5
561	-0.487190	12.417929	0.301307	0.040567	1.5
562	-0.472411	11.515421	0.309670	0.021679	1.5
563	-0.461158	12.484854	0.300705	0.051090	2.0
564	-0.469630	11.611313	0.308759	0.031265	1.9
565	-0.476591	10.708806	0.317547	0.032358	1.6
566	-0.467454	11.594029	0.308923	0.041055	1.8
567	-0.473878	11.814338	0.306849	0.043020	1.6
568	-0.463433	12.814338	0.297775	0.041719	1.6
569	-0.462089	11.913090	0.305928	0.032751	1.9
570	-0.479117	12.282302	0.302535	0.034543	1.7
571	-0.455925	11.534860	0.309485	0.059895	2.2
572	-0.505909	12.534860	0.300256	0.043372	1.7
573	-0.476648	13.534089	0.291568	0.054231	1.5
574	-0.490222	14.533931	0.283364	0.038921	1.9
575	-0.464882	13.631424	0.290749	0.035639	1.6
576	-0.483943	14.524074	0.283443	0.057320	1.6
577	-0.470541	13.621566	0.290832	0.017358	1.6
578	-0.481384	14.621531	0.282667	0.058983	1.6
579	-0.486233	14.554773	0.283198	0.041632	2.5
580	-0.481401	15.554773	0.275451	0.034184	1.6
581	-0.489462	14.652841	0.282419	0.029686	1.6
582	-0.496630	15.652841	0.274714	0.023963	2.4
583	-0.482993	14.954963	0.280046	0.040717	2.0
584	-0.488764	14.195617	0.286088	0.015346	1.7
585	-0.458155	14.662261	0.282345	0.029114	1.6
586	-0.501641	15.656148	0.274689	0.031546	2.1
587	-0.467166	16.524328	0.268334	0.036453	1.8
588	-0.459326	15.780784	0.273758	0.067800	1.7
589	-0.469982	16.780784	0.266512	0.030039	1.5
590	-0.485576	17.780784	0.259640	0.018755	2.1
591	-0.507566	16.878298	0.265826	0.024858	1.5
592	-0.490609	16.052732	0.271749	0.029653	1.5
593	-0.503486	17.032453	0.264749	0.061008	1.8
594	-0.496432	18.032453	0.257966	0.026854	2.0
595	-0.482932	19.032453	0.251522	0.073761	1.7
596	-0.473971	20.032453	0.245392	0.064098	1.6
597	-0.492409	21.032453	0.239554	0.035902	1.6
598	-0.502117	20.129946	0.244811	0.034711	2.7
599	-0.465454	19.227449	0.250303	0.029117	1.6
600	-0.465331	18.422661	0.255413	0.050045	1.7
601	-0.486915	18.781854	0.253107	0.028497	1.6
602	-0.502044	19.781854	0.246900	0.065873	2.5
603	-0.477530	20.779243	0.241006	0.039572	2.4
604	-0.483380	19.876735	0.246327	0.030829	3.2
605	-0.480436	19.011475	0.251654	0.038516	1.7
606	-0.493458	18.115620	0.257418	0.066514	2.3
607	-0.485781	17.213112	0.263497	0.021622	2.4
608	-0.485814	18.213112	0.256778	0.038230	1.9
609	-0.487329	17.310605	0.262827	0.037120	1.6
610	-0.476607	16.982300	0.265098	0.058019	2.9
611	-0.456088	16.079793	0.271551	0.040584	2.3
612	-0.466712	17.079793	0.264420	0.065805	1.6
613	-0.494388	18.078789	0.257660	0.065431	2.1
614	-0.490477	19.078789	0.251231	0.046659	1.6
615	-0.476670	20.078789	0.245115	0.037102	1.6
616	-0.471127	21.077835	0.239296	0.036867	1.6
617	-0.468037	21.968578	0.234335	0.056134	1.8
618	-0.485388	22.968578	0.229006	0.022196	2.7
619	-0.491960	22.066070	0.233805	0.018276	1.6
620	-0.487807	23.037590	0.228647	0.041805	1.6
621	-0.452079	22.255223	0.232782	0.054351	2.0
622	-0.443271	23.255223	0.227522	0.049198	3.9
623	-0.485675	22.352716	0.232259	0.099653	3.3
624	-0.484146	21.450208	0.237197	0.055371	3.0
625	-0.459582	20.547747	0.242349	0.055405	3.0
626	-0.467800	21.547745	0.236653	0.083674	2.4
627	-0.467649	22.547745	0.231219	0.023030	3.2
628	-0.479524	23.547713	0.226028	0.029290	2.1
629	-0.476768	24.237923	0.222580	0.034319	2.8
630	-0.469963	23.337371	0.227101	0.026506	2.5
631	-0.482242	24.337370	0.222092	0.033968	2.0
632	-0.470612	25.337368	0.217299	0.030908	1.8
633	-0.501633	26.337368	0.212708	0.020934	3.4
634	-0.494467	27.302428	0.208458	0.024512	2.5
635	-0.497552	28.183849	0.204723	0.025687	2.1
636	-0.476852	27.990377	0.205531	0.023395	2.1
637	-0.484481	28.020984	0.205403	0.058979	2.6
638	-0.462598	27.170807	0.209028	0.018793	2.0
639	-0.466454	26.268300	0.213019	0.037977	3.1
640	-0.484188	27.267997	0.208607	0.026193	3.5
641	-0.475558	28.267997	0.204373	0.025462	2.1
642	-0.492497	27.365516	0.208187	0.035716	2.5
643	-0.482752	28.048843	0.205286	0.028722	2.5
644	-0.503567	29.048420	0.201186	0.021617	2.7
645	-0.499878	28.170153	0.204780	0.047660	2.7
646	-0.477428	29.067940	0.201108	0.044117	1.8
647	-0.463162	28.165433	0.204799	0.031303	1.6
648	-0.465864	29.165336	0.200717	0.038821	1.6
649	-0.459144	30.165319	0.196794	0.032591	2.7
650	-0.457705	30.880997	0.194080	0.049211	2.0
651	-0.468916	29.978504	0.197516	0.043512	1.9
652	-0.473463	29.075996	0.201075	0.037718	2.1
653	-0.486558	28.867183	0.201917	0.052222	1.8
654	-0.473283	29.867183	0.197948	0.044852	3.0
655	-0.483577	30.851941	0.194188	0.033527	5.1
656	-0.483645	29.949433	0.197628	0.031492	11.4
657	-0.495223	30.949380	0.193824	0.057581	2.7
658	-0.480502	30.046872	0.197251	0.064585	2.1
659	-0.473003	29.144365	0.200801	0.035698	2.3
660	-0.503273	30.144365	0.196875	0.038973	2.0
661	-0.474267	29.241857	0.200412	0.019871	2.7
662	-0.484377	29.418843	0.199708	0.035347	1.7
663	-0.475602	29.201635	0.200572	0.063971	1.8
664	-0.464159	30.201635	0.196655	0.043719	2.1
665	-0.522040	31.177255	0.192978	0.036218	1.6
666	-0.480109	31.816236	0.190643	0.055327	3.4
667	-0.485317	30.914709	0.193954	0.021456	2.8
668	-0.495410	30.031393	0.197311	0.018528	2.2
669	-0.479217	29.165764	0.200716	0.040988	2.2
670	-0.483351	30.161739	0.196808	0.039915	1.7
671	-0.498828	29.259231	0.200342	0.043777	2.1
672	-0.470689	28.377795	0.203919	0.052725	3.1
673	-0.478518	29.377795	0.199871	0.046033	1.7
674	-0.471800	28.475288	0.203517	0.046825	1.9
675	-0.503372	27.572780	0.207298	0.040228	1.9
676	-0.494269	26.670273	0.211223	0.050231	2.1
677	-0.468418	25.767765	0.215299	0.048308	1.8
678	-0.477088	24.865258	0.219535	0.046981	3.5
679	-0.461472	25.865258	0.214851	0.034023	1.8
680	-0.468746	24.962750	0.219070	0.012232	1.8
681	-0.464008	24.711513	0.220274	0.044646	1.7
682	-0.466101	25.517176	0.216459	0.027167	1.7
683	-0.482759	24.996702	0.218908	0.050220	2.1
684	-0.483324	25.996702	0.214250	0.076500	1.9
685	-0.485426	25.094194	0.218445	0.035512	1.9
686	-0.499275	24.191687	0.222808	0.034112	2.0
687	-0.487848	25.189089	0.217996	0.062361	1.9
688	-0.500603	26.184602	0.213397	0.034567	1.8
689	-0.456170	25.282095	0.217558	0.027043	1.5
690	-0.491100	26.210410	0.213280	0.016242	1.6
691	-0.465237	26.069075	0.213921	0.029290	2.1
692	-0.456716	25.170973	0.218082	0.038354	3.5
693	-0.495385	24.602682	0.220799	0.016627	2.3
694	-0.481032	24.545322	0.221078	0.048741	1.6
695	-0.493434	25.543819	0.216335	0.038661	1.9
696	-0.498014	24.641311	0.220613	0.022141	1.6
697	-0.482470	23.738805	0.225063	0.027999	1.8
698	-0.475646	22.868736	0.229527	0.047909	1.7
699	-0.477705	22.053249	0.233874	0.046819	1.6
700	-0.504424	21.151371	0.238878	0.044626	1.7
701	-0.494246	22.151371	0.233342	0.081813	1.6
702	-0.486707	23.151371	0.228057	0.043813	1.5
703	-0.509237	22.248864	0.232816	0.055407	1.6
704	-0.486770	21.346356	0.237778	0.033797	1.7
705	-0.483462	20.443849	0.242956	0.039926	2.3
706	-0.506887	19.541341	0.248365	0.039831	1.5
707	-0.503253	20.541324	0.242386	0.067993	1.6
708	-0.472132	19.638817	0.247769	0.030059	1.7
709	-0.484016	18.736330	0.253397	0.057870	1.7
710	-0.485728	19.736330	0.247176	0.062270	1.4
711	-0.485377	20.736330	0.241254	0.051305	1.5
712	-0.455087	19.833822	0.246586	0.040821	1.6
713	-0.473718	20.820116	0.240770	0.025713	1.8
714	-0.481095	20.266735	0.243999	0.015547	1.5
715	-0.492768	19.375999	0.249382	0.029956	1.7
716	-0.490634	18.639654	0.254015	0.040733	2.2
717	-0.492372	19.639651	0.247764	0.023262	1.4
718	-0.479289	18.969228	0.251920	0.045594	1.4
719	-0.495403	19.969227	0.245771	0.013395	1.4
720	-0.472678	20.086402	0.245070	0.018531	1.6
721	-0.493132	19.209528	0.250414	0.043136	1.9
722	-0.507254	18.308811	0.256152	0.034435	1.7
723	-0.460822	17.406398	0.262171	0.049174	1.6
724	-0.490397	18.406397	0.255518	0.043057	1.4
725	-0.480943	19.406397	0.249194	0.048226	2.6
726	-0.490782	18.503901	0.254887	0.046157	1.5
727	-0.504962	19.503901	0.248595	0.025016	1.4
728	-0.465277	18.937264	0.252122	0.041905	1.4
729	-0.485107	18.975355	0.251881	0.044482	1.7
730	-0.492483	19.510139	0.248556	0.072458	1.8
731	-0.489620	18.607631	0.254220	0.046925	1.4
732	-0.493486	19.607631	0.247959	0.050919	1.4
733	-0.468265	18.705124	0.253596	0.050444	1.9
734	-0.477598	17.802616	0.259494	0.053644	1.6
735	-0.495576	18.802616	0.252975	0.048497	1.7
736	-0.479435	17.900109	0.258844	0.049969	1.6
737	-0.477670	16.997601	0.264992	0.038224	2.0
738	-0.481351	16.234747	0.270421	0.066583	1.8
739	-0.491579	15.332239	0.277138	0.034208	1.6
740	-0.489618	14.429732	0.284198	0.032636	1.9
741	-0.493490	13.616872	0.290871	0.024657	2.1
742	-0.505908	12.714376	0.298657	0.040090	1.6
743	-0.473551	13.714345	0.290054	0.053710	1.8
744	-0.473105	14.488834	0.283724	0.041014	1.4
745	-0.491812	13.586326	0.291128	0.066296	1.7
746	-0.472703	14.586326	0.282947	0.037178	1.5
747	-0.480666	13.723761	0.289976	0.023463	1.4
748	-0.482573	12.930609	0.296754	0.027113	1.4
749	-0.484774	12.045066	0.304707	0.027535	2.1
750	-0.494498	13.045054	0.295757	0.040309	1.4
751	-0.489542	14.045054	0.287317	0.021021	1.4
752	-0.479697	13.142953	0.294909	0.035472	1.4
753	-0.488998	14.142802	0.286518	0.030568	1.5
754	-0.502607	14.839656	0.280947	0.069770	1.7
755	-0.485364	15.839656	0.273321	0.035957	1.4
756	-0.451127	14.937148	0.280185	0.027153	1.4
757	-0.487923	15.936462	0.272605	0.027920	1.4
758	-0.471964	15.034266	0.279430	0.049789	2.1
759	-0.491238	14.132060	0.286606	0.042367	1.5
760	-0.456093	15.132060	0.278674	0.027269	1.6
761	-0.439274	14.475675	0.283830	0.033314	1.4
762	-0.478465	15.475675	0.276048	0.049150	1.5
763	-0.486722	14.573168	0.283052	0.054695	1.6
764	-0.462449	13.670661	0.290420	0.055426	1.6
765	-0.481142	14.670617	0.282278	0.021830	1.6
766	-0.478521	15.670617	0.274581	0.053020	1.7
767	-0.457907	14.772267	0.281476	0.022025	1.6
768	-0.458418	13.869760	0.288762	0.045880	2.0
769	-0.474688	12.967488	0.296432	0.048060	2.0
770	-0.497394	12.064986	0.304523	0.050590	1.8
771	-0.492455	13.064986	0.295584	0.045981	1.7
772	-0.482180	14.064986	0.287154	0.026665	1.7
773	-0.517379	13.733784	0.289892	0.041853	1.7
774	-0.484517	14.731678	0.281796	0.056075	2.6
775	-0.486883	15.731678	0.274124	0.038516	1.8
776	-0.487620	14.829170	0.281029	0.056210	1.4
777	-0.474406	13.926663	0.288291	0.029199	1.4
778	-0.493512	13.297591	0.293579	0.045990	1.7
779	-0.482859	12.395826	0.301506	0.068665	1.5
780	-0.477862	13.395826	0.292740	0.079962	1.4
781	-0.472812	12.493319	0.300629	0.034464	1.5
782	-0.492339	13.493319	0.291913	0.046833	1.8
783	-0.472673	14.493318	0.283689	0.074383	1.4
784	-0.466679	13.590811	0.291090	0.059306	2.2
785	-0.509857	14.590811	0.282911	0.054051	1.5
786	-0.487945	13.688342	0.290272	0.033266	1.4
787	-0.459734	14.688342	0.282138	0.045013	1.5
788	-0.481399	14.004868	0.287647	0.036543	1.4
789	-0.486656	13.102387	0.295259	0.040471	1.7
790	-0.473154	12.200562	0.303279	0.035256	1.4
791	-0.475683	11.298054	0.311754	0.036016	1.8
792	-0.460711	12.223975	0.303066	0.026900	1.7
793	-0.474182	13.223965	0.294210	0.044682	1.5
794	-0.492973	12.321458	0.302179	0.028987	1.6
795	-0.506671	13.319250	0.293394	0.039852	1.6
796	-0.461441	12.416743	0.301317	0.019189	1.7
797	-0.462581	13.416729	0.292563	0.045078	1.5
798	-0.486405	13.639879	0.290678	0.050897	1.5
799	-0.490679	12.737371	0.298454	0.057035	2.0
800	-0.484622	11.834864	0.306657	0.041843	2.0
801	-0.496761	10.933216	0.315316	0.044629	1.5
802	-0.488100	10.030719	0.324486	0.044120	1.4
803	-0.456939	11.029037	0.314372	0.016485	1.6
804	-0.490140	10.139930	0.323348	0.057192	1.9
805	-0.480431	9.237425	0.333000	0.039420	1.5
806	-0.510655	8.421016	0.342240	0.058706	1.4
807	-0.476967	9.421016	0.330990	0.044062	1.6
808	-0.506228	8.518508	0.341110	0.031058	1.8
809	-0.504680	7.616001	0.351868	0.033457	1.5
810	-0.489044	6.713493	0.363327	0.076523	1.8
811	-0.451496	7.713427	0.350674	0.039760	1.4
812	-0.494397	6.810920	0.362054	0.031839	1.4
813	-0.484443	5.908420	0.374197	0.028045	1.5
814	-0.473639	6.908419	0.360789	0.016097	1.5
815	-0.466540	7.649209	0.351460	0.039719	1.5
816	-0.478752	7.960198	0.347686	0.050717	1.8
817	-0.475764	8.960198	0.336081	0.034206	1.5
818	-0.461511	9.960198	0.325226	0.041586	1.8
819	-0.476401	10.960198	0.315050	0.043801	1.7
820	-0.502380	11.960198	0.305491	0.042047	1.4
821	-0.448657	11.057690	0.314091	0.031649	1.5
822	-0.483514	12.053802	0.304626	0.021694	1.5
823	-0.483678	12.473168	0.300810	0.052092	1.5
824	-0.476315	11.571116	0.309140	0.048652	2.2
825	-0.479719	12.571116	0.299932	0.081052	1.5
826	-0.514313	13.571116	0.291256	0.059811	1.8
827	-0.469587	14.571116	0.283068	0.042895	1.4
828	-0.489849	13.668608	0.290437	0.043201	1.4
829	-0.500179	14.668608	0.282294	0.056412	1.8
830	-0.500049	13.766100	0.289623	0.018259	1.8
831	-0.477464	14.673989	0.282252	0.035125	1.4
832	-0.489650	15.673965	0.274556	0.062492	1.9
833	-0.501092	14.771458	0.281483	0.016424	1.5
834	-0.484354	13.868951	0.288768	0.028780	2.2
835	-0.511779	14.866742	0.280735	0.042902	1.4
836	-0.458009	15.866742	0.273120	0.023510	1.4
837	-0.488778	14.964234	0.279974	0.031218	1.4
838	-0.518564	15.957099	0.272452	0.047986	1.8
839	-0.462973	15.054997	0.279269	0.020925	1.7
840	-0.502129	14.353279	0.284812	0.042804	1.9
841	-0.482403	13.818341	0.289188	0.070826	1.5
842	-0.483699	13.106341	0.295225	0.054419	1.6
843	-0.498206	14.106341	0.286816	0.015010	1.4
844	-0.454104	14.612590	0.282738	0.054202	1.6
845	-0.490984	15.608707	0.275045	0.036284	1.4
846	-0.469726	14.706200	0.281997	0.049955	2.0
847	-0.459549	14.636384	0.282550	0.043967	2.3
848	-0.491685	14.166808	0.286322	0.050054	2.9
849	-0.474231	15.166808	0.278406	0.059749	2.3
850	-0.490934	14.264301	0.285531	0.025605	1.5
851	-0.477705	13.381272	0.292864	0.032071	1.4
852	-0.457688	13.151031	0.294839	0.032682	1.4
853	-0.481601	12.484522	0.300708	0.047855	1.9
854	-0.493237	13.484511	0.291988	0.026368	1.7
855	-0.493153	14.482511	0.283775	0.045311	1.6
856	-0.464428	15.482511	0.275997	0.049362	2.1
857	-0.487843	16.482511	0.268633	0.043237	1.9
858	-0.490556	15.580003	0.275261	0.054659	1.6
859	-0.477301	14.677496	0.282224	0.045675	1.5
860	-0.501193	13.774988	0.289549	0.037748	1.5
861	-0.509186	12.872481	0.297263	0.038178	1.9
862	-0.495033	11.969973	0.305401	0.033716	2.0
863	-0.471328	11.077375	0.313899	0.033701	1.7
864	-0.490152	10.174868	0.322986	0.045228	1.8
865	-0.467598	9.272364	0.332615	0.061649	1.4
866	-0.502066	10.272364	0.321979	0.034540	1.6
867	-0.518223	9.369856	0.331547	0.055356	1.7
868	-0.498263	8.467349	0.341702	0.042548	1.7
869	-0.476179	9.467349	0.330487	0.072475	1.5
870	-0.493406	10.467349	0.319984	0.029014	1.5
871	-0.480221	9.564844	0.329432	0.028613	2.5
872	-0.473642	10.540916	0.319238	0.045282	2.1
873	-0.491444	9.638551	0.328640	0.023762	1.7
874	-0.489757	8.865471	0.337147	0.025188	2.1
875	-0.468644	7.963133	0.347651	0.025746	2.6
876	-0.458200	8.963124	0.336048	0.025186	1.7
877	-0.499327	8.328141	0.343324	0.059296	1.5
878	-0.497242	7.425634	0.354224	0.048233	2.3
879	-0.450300	8.425634	0.342186	0.033404	1.7
880	-0.506045	9.425593	0.330940	0.028388	1.7
881	-0.482693	10.425534	0.320410	0.066492	1.6
882	-0.499729	9.523028	0.329884	0.027409	2.0
883	-0.458419	10.522975	0.319419	0.031054	1.8
884	-0.495541	9.620474	0.328834	0.060690	1.5
885	-0.486256	8.717967	0.338820	0.043683	1.7
886	-0.497337	9.717967	0.327790	0.053219	2.5
887	-0.450253	8.815459	0.337712	0.020837	1.7
888	-0.480149	9.815459	0.326753	0.030097	1.6
889	-0.495232	8.913071	0.336610	0.038772	2.4
890	-0.480254	9.912946	0.325723	0.067888	1.9
891	-0.503419	9.016372	0.335452	0.018336	1.6
892	-0.489675	10.016359	0.324637	0.025563	1.6
893	-0.495045	11.001340	0.314645	0.034395	2.8
894	-0.502669	10.192377	0.322805	0.032890	2.1
895	-0.483516	9.289905	0.332423	0.013952	1.6
896	-0.501933	10.133115	0.323419	0.034940	2.2
897	-0.480379	9.869306	0.326183	0.046993	1.6
898	-0.493394	10.869113	0.315950	0.026998	1.9
899	-0.494245	11.869113	0.306338	0.037184	1.6
900	-0.483499	12.862730	0.297349	0.035781	1.9
901	-0.481839	11.960314	0.305490	0.024184	2.6
902	-0.466344	11.057810	0.314090	0.050323	2.3
903	-0.472111	12.057807	0.304589	0.029999	1.9
904	-0.459216	13.057807	0.295646	0.036047	1.7
905	-0.484290	14.057807	0.287213	0.031596	1.5
906	-0.482724	13.162001	0.294744	0.026881	1.5
907	-0.495297	13.518720	0.291698	0.037970	1.9
908	-0.480352	13.576404	0.291212	0.025747	3.5
909	-0.479287	12.676399	0.298994	0.032104	1.9
910	-0.491157	11.774528	0.307222	0.026920	2.5
911	-0.504996	12.773124	0.298138	0.038370	1.6
912	-0.488562	11.870616	0.306324	0.040276	1.7
913	-0.491295	12.870453	0.297281	0.049062	1.9
914	-0.490368	13.870453	0.288756	0.022216	1.6
915	-0.470674	12.967945	0.296428	0.061090	2.6
916	-0.493105	12.392493	0.301536	0.022646	1.6
917	-0.489955	11.489997	0.309912	0.056422	2.4
918	-0.484944	12.097890	0.304220	0.025641	1.6
919	-0.500962	11.199352	0.312710	0.045654	1.6
920	-0.499342	12.199352	0.303290	0.021771	1.6
921	-0.485059	13.199352	0.294422	0.034273	1.9
922	-0.479606	14.199075	0.286060	0.057424	1.6
923	-0.470916	13.296680	0.293587	0.045007	2.2
924	-0.467242	12.394172	0.301521	0.034550	2.3
925	-0.499049	12.739884	0.298432	0.022964	1.6
926	-0.462550	13.570297	0.291263	0.082668	1.5
927	-0.486830	14.570297	0.283075	0.034100	2.1
928	-0.473846	15.243578	0.277816	0.053064	2.7
929	-0.502641	14.341080	0.284911	0.017329	2.2
930	-0.494336	15.336085	0.277109	0.055052	1.8
931	-0.495545	16.335666	0.269690	0.063861	2.2
932	-0.470641	17.335666	0.262655	0.039813	1.8
933	-0.499759	16.433324	0.268986	0.025457	1.6
934	-0.480076	17.433154	0.261989	0.030276	1.7
935	-0.479895	18.432939	0.255346	0.060912	1.7
936	-0.476011	19.432703	0.249032	0.042962	1.6
937	-0.504569	20.432703	0.243022	0.039390	2.0
938	-0.480924	19.530196	0.248433	0.037765	2.0
939	-0.480158	18.627688	0.254091	0.028683	2.1
940	-0.465372	18.645786	0.253975	0.027293	2.0
941	-0.496307	18.171286	0.257052	0.031082	2.3
942	-0.508038	19.171280	0.250653	0.025319	1.6
943	-0.490988	20.171276	0.244565	0.030454	1.5
944	-0.479123	21.170262	0.238771	0.024735	1.7
945	-0.488637	22.169339	0.233245	0.042091	2.1
946	-0.497397	23.075222	0.228451	0.033174	1.7
947	-0.472940	22.284983	0.232622	0.051316	1.6
948	-0.499328	21.382476	0.237576	0.032195	1.5
949	-0.511508	20.543339	0.242375	0.036006	2.0
950	-0.505845	21.543339	0.236677	0.056500	2.1
951	-0.485019	20.640831	0.241807	0.028214	1.8
952	-0.489855	19.738366	0.247164	0.038204	3.0
953	-0.488495	18.836927	0.252757	0.038700	1.6
954	-0.480854	17.934420	0.258616	0.023151	1.5
955	-0.505177	18.934403	0.252140	0.019607	1.7
956	-0.467031	18.216996	0.256752	0.032672	2.1
957	-0.500393	17.406258	0.262172	0.024437	1.6
958	-0.481507	17.120621	0.264137	0.030893	1.6
959	-0.506817	16.219179	0.270534	0.065196	1.5
960	-0.470388	17.212779	0.263499	0.035543	3.2
961	-0.463311	18.212777	0.256780	0.030725	1.7
962	-0.489741	19.151399	0.250777	0.042578	1.6
963	-0.492120	18.248894	0.256543	0.030798	2.2
964	-0.482762	17.348857	0.262564	0.071582	2.5
965	-0.499120	18.348857	0.255892	0.029057	1.8
966	-0.500692	17.885590	0.258940	0.027012	1.6
967	-0.477230	16.992828	0.265025	0.048380	2.5
968	-0.499193	17.749265	0.259851	0.034221	1.9
969	-0.484745	18.580540	0.254394	0.046642	1.6
970	-0.477673	19.578177	0.248139	0.042603	1.9
971	-0.508282	18.675670	0.253784	0.023307	1.7
972	-0.515038	18.563166	0.254506	0.058698	1.6
973	-0.503174	17.660658	0.260447	0.033806	1.5
974	-0.476916	16.771476	0.266578	0.040833	4.0
975	-0.466217	17.771476	0.259702	0.038689	2.0
976	-0.522480	18.771475	0.253173	0.038918	2.2
977	-0.468430	18.111042	0.257448	0.046337	1.5
978	-0.485053	19.111038	0.251029	0.059207	1.6
979	-0.500602	18.208531	0.256808	0.019411	1.6
980	-0.495275	17.310647	0.262826	0.045033	1.8
981	-0.493079	16.408143	0.269167	0.061380	3.1
982	-0.486282	15.505636	0.275822	0.052270	1.6
983	-0.468018	14.603129	0.282814	0.040193	1.5
984	-0.482069	15.590912	0.275179	0.039535	1.8
985	-0.475322	16.590196	0.267864	0.024843	1.6
986	-0.479990	17.589993	0.260924	0.036998	1.8
987	-0.447114	16.998655	0.264984	0.048728	1.6
988	-0.496313	17.998655	0.258190	0.018686	2.0
989	-0.493921	17.096148	0.264306	0.021021	2.4
990	-0.494190	18.035027	0.257949	0.033268	2.0
991	-0.459637	19.003301	0.251705	0.031954	1.9
992	-0.462385	19.970640	0.245763	0.015005	1.6
993	-0.459530	20.778245	0.241012	0.031103	1.7
994	-0.493493	21.737267	0.235603	0.032202	1.5
995	-0.480009	22.563658	0.231134	0.030469	2.5
996	-0.476561	23.554525	0.225994	0.042498	2.1
997	-0.484716	22.754638	0.230125	0.039755	1.6
998	-0.453589	21.852131	0.234972	0.062926	1.9
999	-0.475094	22.700303	0.230411	0.019415	1.6
1000	-0.488786	21.797796	0.235270	0.049691	1.5
1001	-0.465132	21.663726	0.236010	0.044586	1.6
1002	-0.512545	20.761218	0.241110	0.019417	2.3
1003	-0.497687	19.858732	0.246436	0.033698	2.5
1004	-0.505324	20.858355	0.240550	0.053429	1.8
1005	-0.494704	21.858355	0.234938	0.069350	1.9
1006	-0.488983	22.644719	0.230705	0.032274	1.6
1007	-0.471151	21.742212	0.235576	0.041895	1.5
1008	-0.505733	20.839728	0.240658	0.020917	1.7
1009	-0.489002	21.837546	0.235052	0.027025	1.9
1010	-0.509078	21.139891	0.238943	0.051288	2.1
1011	-0.490017	20.237384	0.244173	0.054307	1.9
1012	-0.490128	19.334876	0.249636	0.031214	1.6
1013	-0.483272	20.334871	0.243597	0.014464	2.1
1014	-0.488552	19.755294	0.247061	0.033573	1.9
1015	-0.491380	19.061841	0.251338	0.018680	1.5
1016	-0.521549	18.159816	0.257127	0.030063	1.6
1017	-0.489280	18.723933	0.253476	0.028967	2.3
1018	-0.500636	17.821484	0.259368	0.061538	2.0
1019	-0.510518	18.821483	0.252855	0.078796	2.1
1020	-0.482466	17.918976	0.258718	0.024646	2.2
1021	-0.499810	18.918970	0.252237	0.054029	1.6
1022	-0.472471	19.918970	0.246073	0.025710	1.8
1023	-0.476774	19.067462	0.251302	0.030087	1.6
1024	-0.458924	18.176135	0.257020	0.024647	2.0
1025	-0.458890	17.523077	0.261377	0.056040	1.6
1026	-0.469038	18.523077	0.254764	0.038882	1.5
1027	-0.505621	19.523077	0.248477	0.035204	1.9
1028	-0.467840	20.523077	0.242493	0.038933	1.9
1029	-0.499139	21.507130	0.236879	0.046516	1.6
1030	-0.492297	22.507130	0.231434	0.028173	1.6
1031	-0.511601	22.279856	0.232650	0.087926	1.5
1032	-0.476078	21.377349	0.237604	0.047250	3.0
1033	-0.486213	22.377349	0.232127	0.062338	1.7
1034	-0.480885	21.474841	0.237059	0.077840	1.8
1035	-0.469340	20.572334	0.242205	0.050138	2.1
1036	-0.486704	21.572334	0.236516	0.043511	1.9
1037	-0.477944	20.669842	0.241639	0.028864	1.6
1038	-0.473931	19.784278	0.246886	0.050199	1.5
1039	-0.478841	18.884084	0.252458	0.036880	1.8
1040	-0.471857	18.187268	0.256947	0.031440	1.9
1041	-0.495462	17.285389	0.263000	0.047250	1.6
1042	-0.484066	17.875021	0.259011	0.041559	1.8
1043	-0.505550	17.385829	0.262312	0.025597	3.1
1044	-0.490747	16.483325	0.268627	0.025659	1.6
1045	-0.505950	15.627580	0.274903	0.035731	1.9
1046	-0.495076	14.746274	0.281681	0.021508	2.3
1047	-0.493401	13.843767	0.288977	0.011246	1.6
1048	-0.500144	12.982152	0.296304	0.055434	1.5
1049	-0.483962	13.980240	0.287850	0.050022	1.8
1050	-0.477474	14.980240	0.279849	0.028154	2.1
1051	-0.499057	15.978857	0.272292	0.040865	1.6
1052	-0.483216	15.132225	0.278672	0.057317	1.5
1053	-0.488660	14.229717	0.285811	0.039968	1.5
1054	-0.506810	13.327210	0.293326	0.034543	2.6
1055	-0.495657	14.327208	0.285022	0.041997	1.6
1056	-0.496139	13.424701	0.292495	0.037357	1.5
1057	-0.495998	14.424699	0.284238	0.038739	1.9
1058	-0.475659	13.532961	0.291578	0.018214	1.7
1059	-0.479663	12.952598	0.296562	0.021564	1.9
1060	-0.486597	13.947798	0.288117	0.050159	1.6
1061	-0.498563	14.947360	0.280105	0.021980	1.8
1062	-0.489570	15.938513	0.272589	0.030015	1.8
1063	-0.473912	16.129418	0.271188	0.030801	1.5
1064	-0.473507	15.226924	0.277944	0.035841	1.7
1065	-0.491176	14.324416	0.285045	0.073901	2.4
1066	-0.473740	13.421909	0.292519	0.014069	1.6
1067	-0.500462	12.527374	0.300323	0.041726	1.5
1068	-0.501956	13.527366	0.291625	0.040912	1.5
1069	-0.493669	12.628131	0.299423	0.081151	2.5
1070	-0.479351	13.628128	0.290777	0.058858	1.8
1071	-0.494603	12.725621	0.298558	0.022902	1.5
1072	-0.474610	11.828472	0.306717	0.036574	1.5
1073	-0.468847	10.925984	0.315387	0.036444	2.5
1074	-0.479113	11.925984	0.305809	0.019751	1.6
1075	-0.484075	11.026002	0.314402	0.033777	1.5
1076	-0.510054	11.155948	0.313132	0.045459	1.5
1077	-0.478994	12.155812	0.303689	0.034845	2.9
1078	-0.480426	11.253304	0.312187	0.040115	2.3
1079	-0.472880	10.350797	0.321174	0.029136	2.2
1080	-0.496036	10.292728	0.321770	0.041448	2.8
1081	-0.467828	11.286441	0.311866	0.040736	2.2
1082	-0.505290	10.383978	0.320834	0.048840	1.9
1083	-0.473690	9.481471	0.330333	0.051017	2.4
1084	-0.502631	8.930962	0.336409	0.061556	1.6
1085	-0.494872	9.930962	0.325533	0.039982	1.7
1086	-0.485075	9.028455	0.335317	0.026768	2.2
1087	-0.511034	8.143191	0.345503	0.022592	2.4
1088	-0.491336	7.306186	0.355719	0.018617	2.0
1089	-0.502145	8.275929	0.343936	0.055934	1.8
1090	-0.480110	9.275915	0.332576	0.030957	2.4
1091	-0.491575	8.373408	0.342795	0.044976	1.7
1092	-0.499079	7.529175	0.352939	0.035783	1.6
1093	-0.462710	8.523664	0.341050	0.020742	1.9
1094	-0.475352	9.475067	0.330403	0.036627	1.7
1095	-0.462292	8.682095	0.339230	0.069793	2.1
1096	-0.497798	9.682095	0.328173	0.040687	1.8
1097	-0.471916	10.682095	0.317815	0.022299	2.0
1098	-0.472107	9.779650	0.327133	0.047267	2.0
1099	-0.496209	10.779616	0.316840	0.037514	1.9
1100	-0.491890	9.877109	0.326101	0.034031	2.0
1101	-0.464282	8.974601	0.335919	0.055254	1.6
1102	-0.474398	8.072094	0.346348	0.043957	1.9
1103	-0.475287	9.072094	0.334830	0.044034	1.6
1104	-0.497109	10.070325	0.324073	0.029728	2.6
1105	-0.476197	9.167854	0.333767	0.039416	1.7
1106	-0.480495	10.167854	0.323059	0.029009	1.5
1107	-0.497123	9.265505	0.332691	0.020585	1.6
1108	-0.468644	9.014233	0.335476	0.040887	2.1
1109	-0.513663	10.013690	0.324665	0.024746	1.5
1110	-0.498631	11.013654	0.314524	0.025164	1.9
1111	-0.494143	12.013625	0.304997	0.063794	1.6
1112	-0.495438	11.111118	0.313569	0.029711	2.1
1113	-0.510566	10.208610	0.322637	0.024119	1.8
1114	-0.515618	11.084635	0.313828	0.074514	1.6
1115	-0.512514	12.084635	0.304342	0.038059	1.8
1116	-0.489365	11.182128	0.312877	0.045681	1.6
1117	-0.495206	11.343611	0.311315	0.049664	1.5
1118	-0.527929	10.441104	0.320251	0.034528	2.3
1119	-0.499056	11.441103	0.310379	0.018906	2.2
1120	-0.472138	10.538617	0.319261	0.036168	1.7
1121	-0.515387	9.687130	0.328120	0.034882	1.5
1122	-0.484363	10.686710	0.317769	0.035469	1.5
1123	-0.497815	9.784210	0.327085	0.025731	2.0
1124	-0.480273	8.881711	0.336964	0.081038	1.6
1125	-0.522417	7.979203	0.347458	0.033423	1.5
1126	-0.512427	8.979203	0.335868	0.044874	1.8
1127	-0.479483	8.077494	0.346283	0.038769	2.1
1128	-0.502318	7.174987	0.357375	0.038360	1.6
1129	-0.494726	6.272479	0.369202	0.037094	1.5
1130	-0.465846	7.257081	0.356337	0.062956	1.5
1131	-0.490681	8.257080	0.344158	0.076139	2.0
1132	-0.476719	7.354573	0.355112	0.047009	1.6
1133	-0.471245	8.354573	0.343015	0.036879	1.7
1134	-0.502399	9.354573	0.331714	0.055888	2.0
1135	-0.488807	8.728628	0.338699	0.049626	2.2
1136	-0.471997	9.728627	0.327676	0.049609	1.7
1137	-0.456560	10.728626	0.317349	0.042326	1.7
1138	-0.500017	9.826119	0.326640	0.023761	1.8
1139	-0.484983	8.923613	0.336492	0.033980	1.7
1140	-0.477622	8.022629	0.346938	0.045249	1.5
1141	-0.504987	7.120122	0.358073	0.051210	1.5
1142	-0.494274	6.217614	0.369946	0.018797	2.1
1143	-0.512693	6.002690	0.372891	0.018012	2.3
1144	-0.482411	6.723797	0.363192	0.024769	1.6
1145	-0.484963	7.276600	0.356091	0.069124	1.5
1146	-0.486338	6.374150	0.367831	0.059271	1.8
1147	-0.511158	7.374141	0.354867	0.028321	3.0
1148	-0.510744	7.134144	0.357894	0.036956	1.9
1149	-0.525794	6.231637	0.369756	0.052397	2.1
1150	-0.480689	5.329129	0.382430	0.028980	2.6
1151	-0.468412	4.426622	0.396004	0.029884	1.6
1152	-0.509576	3.524687	0.410568	0.061825	1.9
1153	-0.478659	2.703290	0.424795	0.040417	1.6
1154	-0.492402	3.703270	0.407600	0.035813	1.6
1155	-0.482690	2.800763	0.423056	0.033856	1.8
1156	-0.474550	1.898256	0.439730	0.024341	2.1
1157	-0.501022	1.007690	0.457524	0.033583	2.3
1158	-0.490421	2.005606	0.437678	0.056684	1.5
1159	-0.441797	1.109441	0.455418	0.039469	2.2
1160	-0.489804	2.109441	0.435711	0.056671	2.2
1161	-0.484761	3.109434	0.417639	0.056990	1.6
1162	-0.482086	2.206927	0.433881	0.031162	1.6
1163	-0.494662	1.304715	0.451431	0.059380	2.1
1164	-0.533617	0.402207	0.470468	0.041811	2.1
1165	-0.474154	1.401328	0.449484	0.041296	1.6
1166	-0.466344	2.401328	0.430277	0.029419	1.9
1167	-0.481322	1.498887	0.447535	0.032249	1.6
1168	-0.513322	0.833364	0.461177	0.056310	1.9
1169	-0.498639	1.829831	0.441048	0.063349	1.6
1170	-0.471699	2.829831	0.422540	0.050399	1.9
1171	-0.500681	1.927323	0.439172	0.035655	2.1
1172	-0.483791	1.024816	0.457168	0.014897	1.7
1173	-0.510849	1.731626	0.442953	0.064918	1.8
1174	-0.484488	0.829120	0.461267	0.050565	1.7
1175	-0.482136	0.520665	0.467878	0.024591	1.5
1176	-0.509662	1.520665	0.447103	0.059578	1.7
1177	-0.474261	0.672629	0.464597	0.049136	1.5
1178	-0.491123	0.000000	0.479478	0.053167	2.5
1179	-0.483873	0.987102	0.457952	0.008313	2.1
1180	-0.488739	0.084887	0.477548	0.038272	1.6
1181	-0.493647	0.000000	0.479478	0.057698	1.7
1182	-0.502021	0.000000	0.479478	0.019771	1.8
1183	-0.507166	0.919179	0.459372	0.036557	1.6
1184	-0.495671	1.910821	0.439489	0.058219	1.7
1185	-0.508806	1.008314	0.457511	0.041144	1.7
1186	-0.492196	0.105806	0.477075	0.051189	2.1
1187	-0.473983	0.000000	0.479478	0.037282	2.3
1188	-0.485831	1.000000	0.457684	0.054485	1.6
1189	-0.497583	0.097916	0.477253	0.019393	1.9
1190	-0.489031	0.000000	0.479478	0.029419	1.6
1191	-0.490163	0.997215	0.457742	0.043728	1.5
1192	-0.492858	0.094707	0.477326	0.029628	1.8
1193	-0.498508	1.049317	0.456660	0.038069	2.1
1194	-0.520844	2.048863	0.436857	0.050049	1.7
1195	-0.496485	3.048862	0.418691	0.038286	1.9
1196	-0.496818	2.146355	0.435017	0.028364	1.6
1197	-0.460825	3.146017	0.417007	0.039473	2.1
1198	-0.468224	2.244578	0.433178	0.032263	1.5
1199	-0.481446	3.240325	0.415384	0.044112	1.5
1200	-0.520660	4.240312	0.398927	0.035252	1.7
1201	-0.485698	3.343118	0.413630	0.029656	2.7
1202	-0.447035	2.464423	0.429120	0.029356	1.6
1203	-0.496141	3.462870	0.411605	0.082849	1.9
1204	-0.523672	4.455359	0.395557	0.042490	1.9
1205	-0.488648	3.552852	0.410097	0.012724	1.5
1206	-0.505531	4.265870	0.398524	0.038754	1.7
1207	-0.446427	5.261471	0.383415	0.026435	1.5
1208	-0.471797	6.260022	0.369370	0.039270	1.7
1209	-0.481900	5.357515	0.382018	0.050335	2.1
1210	-0.467779	4.622304	0.392980	0.026329	1.7
1211	-0.499555	3.721318	0.407302	0.076019	2.2
1212	-0.457469	4.719392	0.391496	0.019896	1.6
1213	-0.507745	5.719392	0.376844	0.041052	1.5
1214	-0.494039	4.826231	0.389877	0.040107	1.5
1215	-0.510143	3.923724	0.403995	0.033600	1.5
1216	-0.479061	3.021216	0.419173	0.028104	1.5
1217	-0.493667	2.118737	0.435536	0.051761	2.5
1218	-0.503658	1.230275	0.452943	0.036679	1.7
1219	-0.526764	0.327780	0.472110	0.039639	1.5
1220	-0.485555	1.327779	0.450965	0.030596	1.7
1221	-0.520296	2.082379	0.436222	0.033801	1.7
1222	-0.490649	1.267929	0.452177	0.037694	1.5
1223	-0.455536	0.365421	0.471278	0.019646	1.5
1224	-0.500364	1.331441	0.450891	0.023666	1.5
1225	-0.479033	1.070657	0.456219	0.046228	1.8
1226	-0.518466	2.064628	0.436558	0.038675	1.7
1227	-0.471595	3.064627	0.418417	0.045041	1.8
1228	-0.486199	2.162119	0.434720	0.052048	2.3
1229	-0.497555	1.259612	0.452346	0.035005	1.5
1230	-0.512257	1.254466	0.452451	0.020826	1.5
1231	-0.519210	0.352913	0.471554	0.023997	1.5
1232	-0.500985	0.000000	0.479478	0.030283	1.6
1233	-0.497086	0.999967	0.457685	0.015457	1.5
1234	-0.493656	1.402915	0.449453	0.050083	1.7
1235	-0.507355	0.510458	0.468100	0.050431	1.7
1236	-0.489810	1.510458	0.447305	0.017010	1.8
1237	-0.507385	0.607979	0.465987	0.033784	1.6
1238	-0.476027	0.000000	0.479478	0.027038	1.5
1239	-0.471135	0.000000	0.479478	0.044398	1.7
1240	-0.511999	0.999997	0.457684	0.049690	1.5
1241	-0.517790	0.097489	0.477263	0.035842	1.6
1242	-0.503290	0.000000	0.479478	0.031253	1.5
1243	-0.491585	1.000000	0.457684	0.029292	1.5
1244	-0.495973	0.643298	0.465227	0.039619	2.2
1245	-0.484144	1.643298	0.444681	0.042157	1.7
1246	-0.462044	0.741139	0.463133	0.020871	1.5
1247	-0.514207	1.270061	0.452134	0.025434	1.5
1248	-0.505522	0.368186	0.471217	0.039488	1.5
1249	-0.480148	0.226613	0.474360	0.036031	1.7
1250	-0.494032	0.000000	0.479478	0.049233	1.5
1251	-0.472855	1.000000	0.457684	0.038998	1.5
1252	-0.482589	0.097493	0.477263	0.025897	1.7
1253	-0.515024	1.097448	0.455666	0.055168	1.7
1254	-0.480506	0.194940	0.475068	0.044198	1.8
1255	-0.482886	0.000000	0.479478	0.019970	1.5
1256	-0.483881	0.999995	0.457684	0.032378	1.5
1257	-0.500026	0.097501	0.477263	0.054466	1.6
1258	-0.484859	0.000000	0.479478	0.037756	1.6
1259	-0.535949	0.956330	0.458594	0.041038	1.8
1260	-0.477331	1.956330	0.438617	0.033388	1.8
1261	-0.500966	1.053822	0.456567	0.031328	1.7
1262	-0.496829	2.053822	0.436763	0.027882	1.5
1263	-0.485072	1.162634	0.454325	0.044252	1.5
1264	-0.470940	0.260126	0.473612	0.048686	1.6
1265	-0.453393	1.260126	0.452336	0.025295	1.5
1266	-0.496793	0.357622	0.471450	0.016460	1.6
1267	-0.525351	1.105394	0.455502	0.062456	1.5
1268	-0.495174	0.202893	0.474890	0.076472	1.8
1269	-0.496036	1.202893	0.453502	0.055958	1.8
1270	-0.480583	0.300386	0.472717	0.033150	1.6
1271	-0.481835	0.000000	0.479478	0.024253	1.5
1272	-0.497759	0.000000	0.479478	0.044481	2.1
1273	-0.490794	0.453521	0.469342	0.041742	1.6
1274	-0.491325	0.000000	0.479478	0.050958	1.9
1275	-0.503513	0.000000	0.479478	0.063692	1.6
1276	-0.479395	0.000000	0.479478	0.060645	2.6
1277	-0.488014	0.000000	0.479478	0.051254	1.8
1278	-0.494763	0.000000	0.479478	0.030606	1.7
1279	-0.494713	0.000000	0.479478	0.054089	1.9
1280	-0.493836	0.000000	0.479478	0.047407	1.6
1281	-0.509104	0.000000	0.479478	0.079758	1.5
1282	-0.493570	1.000000	0.457684	0.034353	1.6
1283	-0.469062	2.000000	0.437785	0.032035	2.0
1284	-0.527257	1.097702	0.455660	0.039598	2.1
1285	-0.488938	0.195194	0.475063	0.040134	1.6
1286	-0.496661	0.000000	0.479478	0.031832	1.5
1287	-0.485870	0.000000	0.479478	0.029943	2.2
1288	-0.492587	1.000000	0.457684	0.040707	2.1
1289	-0.482248	1.999986	0.437785	0.048642	2.2
1290	-0.494394	1.236727	0.452812	0.044689	2.5
1291	-0.473928	0.335920	0.471929	0.041414	2.5
1292	-0.515065	1.335920	0.450801	0.017748	1.6
1293	-0.504771	0.433493	0.469781	0.059359	2.5
1294	-0.471738	1.433480	0.448840	0.023296	1.7
1295	-0.495241	2.433480	0.429686	0.051930	2.0
1296	-0.507514	1.734616	0.442895	0.043143	2.2
1297	-0.492284	2.703899	0.424784	0.025257	2.7
1298	-0.490670	3.693695	0.407758	0.039388	2.6
1299	-0.497948	2.791891	0.423213	0.033561	1.9
1300	-0.487795	1.889387	0.439900	0.045393	1.6
1301	-0.498919	2.889365	0.421487	0.025060	1.6
1302	-0.503698	1.986857	0.438035	0.015153	1.8
1303	-0.489664	2.900045	0.421298	0.032089	2.3
1304	-0.463025	3.836736	0.405409	0.017645	1.5
1305	-0.460025	4.723135	0.391439	0.029658	1.7
1306	-0.492957	4.289570	0.398150	0.072024	1.9
1307	-0.482431	5.289570	0.383005	0.050016	1.6
1308	-0.514149	6.289570	0.368971	0.042782	1.9
1309	-0.492603	7.289570	0.355928	0.043493	1.6
1310	-0.514987	6.387063	0.367657	0.037523	1.6
1311	-0.509828	5.484563	0.380186	0.047767	1.6
1312	-0.478382	4.590439	0.393469	0.062820	1.5
1313	-0.497028	3.687931	0.407853	0.038119	2.1
1314	-0.477470	2.785424	0.423329	0.025575	1.5
1315	-0.493235	3.575583	0.409718	0.021432	1.5
1316	-0.465633	4.565080	0.393859	0.030333	1.5
1317	-0.478623	3.662576	0.408272	0.044448	1.5
1318	-0.499963	2.760068	0.423780	0.044243	1.8
1319	-0.511506	1.857561	0.440513	0.041239	1.7
1320	-0.486262	2.857561	0.422049	0.039310	1.5
1321	-0.493993	1.955057	0.438642	0.033480	1.9
1322	-0.483416	1.397666	0.449558	0.040111	1.6
1323	-0.514561	0.495158	0.468433	0.044692	1.8
1324	-0.499711	1.495158	0.447610	0.044258	1.5
1325	-0.501244	2.495158	0.428558	0.024878	1.5
1326	-0.491489	3.495156	0.411063	0.034979	1.6
1327	-0.514069	4.421657	0.396081	0.041400	1.8
1328	-0.501443	3.519223	0.410659	0.045194	1.6
1329	-0.496549	2.616715	0.426353	0.033765	1.8
1330	-0.510907	1.714208	0.443293	0.031133	1.6
1331	-0.490532	0.812353	0.461621	0.028868	1.5
1332	-0.542780	0.000000	0.479478	0.039933	1.5
1333	-0.458514	0.962597	0.458463	0.032485	1.6
1334	-0.478557	1.940719	0.438916	0.035224	1.7
1335	-0.501963	2.928371	0.420800	0.056786	1.7
1336	-0.504533	3.928371	0.403919	0.057032	1.5
1337	-0.480971	3.025864	0.419092	0.022187	1.5
1338	-0.493243	4.024452	0.402368	0.031937	2.0
1339	-0.473531	5.010182	0.387119	0.039919	1.5
1340	-0.506003	4.107676	0.401035	0.026308	1.5
1341	-0.485407	3.209784	0.415908	0.050090	1.5
1342	-0.496757	2.307282	0.432013	0.042543	1.5
1343	-0.523040	1.404775	0.449415	0.030617	1.9
1344	-0.491179	0.512450	0.468057	0.047897	1.5
1345	-0.484305	0.000000	0.479478	0.036911	1.6
1346	-0.507061	0.999993	0.457684	0.021732	2.2
1347	-0.505704	1.999961	0.437785	0.038173	1.8
1348	-0.489774	2.022853	0.437350	0.035189	1.6
1349	-0.504981	1.148731	0.454611	0.021727	1.5
1350	-0.485612	0.248077	0.473880	0.016722	1.9
1351	-0.492449	1.232180	0.452904	0.025454	1.7
1352	-0.499505	2.106005	0.435776	0.030399	1.8
1353	-0.470155	3.105931	0.417700	0.024504	1.6
1354	-0.522161	4.095970	0.401222	0.052698	2.0
1355	-0.491071	3.193463	0.416189	0.045892	1.5
1356	-0.503744	2.290955	0.432316	0.056600	1.5
1357	-0.511748	1.388489	0.449742	0.035068	1.7
1358	-0.494207	0.485981	0.468633	0.045939	2.3
1359	-0.491084	0.000000	0.479478	0.064825	1.7
1360	-0.477146	1.000000	0.457684	0.037687	1.5
1361	-0.488368	2.000000	0.437785	0.033266	1.5
1362	-0.486673	3.000000	0.419544	0.028015	1.9
1363	-0.493626	2.097604	0.435935	0.059312	1.6
1364	-0.495044	3.097597	0.417844	0.054183	1.5
1365	-0.509782	4.097597	0.401196	0.065344	1.5
1366	-0.493507	5.097597	0.385823	0.055291	2.0
1367	-0.485435	4.195089	0.399643	0.042384	2.1
1368	-0.483446	5.195089	0.384387	0.022244	1.6
1369	-0.522600	6.165476	0.370656	0.045426	1.8
1370	-0.514480	7.165321	0.357498	0.044851	1.8
1371	-0.490608	6.262814	0.369333	0.033001	1.6
1372	-0.494172	7.262814	0.356265	0.038512	1.9
1373	-0.497283	8.262814	0.344090	0.035054	2.1
1374	-0.531355	9.262201	0.332727	0.016824	1.6
1375	-0.478610	10.262173	0.322084	0.019318	1.7
1376	-0.505925	10.657759	0.318059	0.020203	1.5
1377	-0.476590	10.792715	0.316709	0.063801	1.7
1378	-0.479225	11.080295	0.313870	0.052246	1.8
1379	-0.498574	10.177788	0.322956	0.038296	1.6
1380	-0.481351	11.036740	0.314297	0.041796	1.5
1381	-0.491334	12.036737	0.304783	0.039370	1.5
1382	-0.502680	11.135287	0.313333	0.043612	2.0
1383	-0.476379	10.233029	0.322385	0.012051	1.9
1384	-0.526419	11.187849	0.312821	0.066992	1.6
1385	-0.509043	10.823415	0.316404	0.039938	1.7
1386	-0.491155	9.920907	0.325639	0.040976	2.3
1387	-0.488811	9.056048	0.335009	0.038591	1.6
1388	-0.513607	8.160177	0.345301	0.036393	1.9
1389	-0.509452	9.009631	0.335527	0.052918	1.7
1390	-0.509037	10.009631	0.324707	0.028128	1.6
1391	-0.503476	11.009631	0.314563	0.043134	1.7
1392	-0.491400	11.957884	0.305513	0.032918	1.6
1393	-0.504250	12.957854	0.296516	0.038436	1.5
1394	-0.497266	12.055347	0.304612	0.028359	1.8
1395	-0.495599	13.020541	0.295970	0.021237	1.6
1396	-0.458435	14.020325	0.287520	0.038852	2.3
1397	-0.523062	13.155879	0.294797	0.021747	1.7
1398	-0.518781	12.279691	0.302558	0.061898	1.5
1399	-0.484923	11.377183	0.310992	0.033650	1.6
1400	-0.480836	11.560457	0.309242	0.064677	2.1
1401	-0.489090	10.661503	0.318022	0.017467	1.6
1402	-0.496339	9.759001	0.327353	0.035262	1.9
1403	-0.481928	10.747510	0.317160	0.018675	1.5
1404	-0.501526	11.508908	0.309732	0.026471	2.3
1405	-0.480209	10.607556	0.318565	0.035256	1.7
1406	-0.491419	11.147640	0.313213	0.052969	1.6
1407	-0.486603	10.245133	0.322260	0.039046	1.7
1408	-0.493675	11.245133	0.312266	0.053272	1.5
1409	-0.489366	10.342625	0.321257	0.043895	1.5
1410	-0.482340	11.342625	0.311324	0.022409	1.5
1411	-0.490587	10.440120	0.320261	0.067713	2.0
1412	-0.500816	9.537612	0.329726	0.035683	1.8
1413	-0.498507	8.635105	0.339768	0.049419	1.7
1414	-0.469876	9.635105	0.328677	0.041510	1.5
1415	-0.489810	10.635105	0.318287	0.039415	1.7
1416	-0.475212	11.635104	0.308534	0.032791	1.8
1417	-0.488221	10.993759	0.314719	0.023234	1.5
1418	-0.493691	11.993755	0.305180	0.033822	1.5
1419	-0.527107	12.993755	0.296203	0.035300	1.9
1420	-0.506622	12.091247	0.304281	0.025411	2.3
1421	-0.503599	13.091247	0.295356	0.028850	1.6
1422	-0.488242	12.190219	0.303374	0.048445	1.5
1423	-0.510604	11.287711	0.311854	0.050440	1.5
1424	-0.493718	10.385210	0.320821	0.036568	1.7
1425	-0.504077	9.693121	0.328056	0.027719	1.5
1426	-0.480203	8.803566	0.337847	0.031141	1.9
1427	-0.471806	7.901059	0.348397	0.026115	2.0
1428	-0.507399	6.998707	0.359625	0.057962	1.8
1429	-0.479775	7.939175	0.347938	0.046444	1.7
1430	-0.469481	7.194579	0.357127	0.039544	1.8
1431	-0.495221	6.292071	0.368937	0.027926	1.6
1432	-0.496011	7.292071	0.355896	0.047812	1.7
1433	-0.488928	6.389609	0.367623	0.066908	1.5
1434	-0.485899	7.389609	0.354674	0.013981	1.5
1435	-0.473847	6.487105	0.366319	0.035898	1.7
1436	-0.502682	6.351441	0.368136	0.032016	2.2
1437	-0.499683	5.449015	0.380697	0.031268	1.6
1438	-0.490752	4.546508	0.394146	0.049570	1.5
1439	-0.504296	5.546508	0.379298	0.088079	1.5
1440	-0.491983	4.644000	0.392647	0.038197	1.5
1441	-0.476057	5.644000	0.377911	0.033497	2.0
1442	-0.474080	4.782083	0.390544	0.095472	1.5
1443	-0.464029	3.879575	0.404711	0.041674	1.5
1444	-0.522299	4.879575	0.389073	0.046725	1.9
1445	-0.505758	5.879575	0.374598	0.068426	1.8
1446	-0.477655	4.977068	0.387613	0.070587	1.7
1447	-0.505389	5.970764	0.373332	0.056807	1.5
1448	-0.518743	6.970764	0.359985	0.055126	1.5
1449	-0.493585	7.969622	0.347573	0.049342	1.7
1450	-0.490082	8.969622	0.335975	0.018278	1.5
1451	-0.488231	8.067114	0.346407	0.049842	1.7
1452	-0.523918	7.164644	0.357507	0.034329	3.4
1453	-0.491929	8.154257	0.345371	0.063258	2.0
1454	-0.482002	7.251750	0.356404	0.025927	2.0
1455	-0.483337	6.349242	0.368166	0.034682	1.7
1456	-0.492138	5.447323	0.380721	0.036008	1.7
1457	-0.500031	6.372979	0.367846	0.043784	1.6
1458	-0.489492	7.036736	0.359138	0.037082	1.5
1459	-0.496277	8.036730	0.346769	0.028516	1.8
1460	-0.505079	7.134523	0.357889	0.021967	1.8
1461	-0.488472	8.114791	0.345840	0.037158	1.6
1462	-0.484501	7.212284	0.356903	0.059891	1.6
1463	-0.498902	6.309776	0.368698	0.034893	1.6
1464	-0.519387	5.838004	0.375179	0.037619	1.8
1465	-0.465962	6.837748	0.361705	0.050957	1.6
1466	-0.481023	5.935244	0.373824	0.027747	1.5
1467	-0.491670	5.032736	0.386784	0.041888	1.7
1468	-0.505756	6.032713	0.372476	0.047319	1.7
1469	-0.490187	5.130205	0.385341	0.065397	1.9
1470	-0.516123	4.227698	0.399127	0.033086	1.6
1471	-0.504983	5.227698	0.383909	0.036513	1.5
1472	-0.499109	6.227696	0.369809	0.045128	1.5
1473	-0.473677	7.227696	0.356708	0.028461	1.6
1474	-0.506617	8.227696	0.344504	0.058251	1.5
1475	-0.515280	7.676967	0.351120	0.043942	2.1
1476	-0.491154	6.774478	0.362529	0.055082	1.8
1477	-0.495876	5.871972	0.374704	0.032927	1.5
1478	-0.501647	4.969466	0.387726	0.040838	1.5
1479	-0.516005	4.067210	0.401682	0.033341	1.7
1480	-0.509223	3.164702	0.416684	0.043658	1.5
1481	-0.491985	2.264345	0.432810	0.057931	1.7
1482	-0.483825	1.361837	0.450278	0.012758	1.6
1483	-0.506470	2.171144	0.434551	0.064778	3.0
1484	-0.527339	1.890420	0.439880	0.026332	2.9
1485	-0.495104	2.890406	0.421468	0.051885	2.0
1486	-0.503398	1.987899	0.438015	0.073878	3.0
1487	-0.488787	1.085391	0.455914	0.061582	2.7
1488	-0.512883	2.085391	0.436165	0.043755	2.5
1489	-0.503075	3.085391	0.418056	0.025846	2.9
1490	-0.483559	2.182884	0.434331	0.027101	3.6
1491	-0.476830	3.103750	0.417738	0.047516	1.8
1492	-0.526307	4.103750	0.401097	0.022444	1.5
1493	-0.480728	3.201246	0.416055	0.033027	1.7
1494	-0.510740	2.302923	0.432094	0.053118	1.9
1495	-0.489252	3.302888	0.414315	0.025669	1.6
1496	-0.513971	4.296478	0.398042	0.037301	2.7
1497	-0.494317	3.393981	0.412768	0.032988	1.9
1498	-0.471951	2.491526	0.428625	0.039022	1.6
1499	-0.511426	1.589019	0.445750	0.035361	1.7
1500	-0.468881	2.588770	0.426858	0.040106	1.6
1501	-0.506163	2.120717	0.435499	0.037921	1.7
1502	-0.483330	1.218209	0.453189	0.053499	1.7
1503	-0.505497	2.217290	0.433687	0.031951	2.1
1504	-0.492010	3.217015	0.415784	0.052989	2.1
1505	-0.498504	2.317648	0.431821	0.051586	1.7
1506	-0.489043	3.317647	0.414063	0.037138	1.6
1507	-0.515548	3.269575	0.414884	0.054143	1.5
1508	-0.493353	4.269575	0.398465	0.037621	2.5
1509	-0.494661	3.367068	0.413224	0.064109	1.6
1510	-0.512905	4.367068	0.396934	0.026505	1.6
1511	-0.495589	3.464561	0.411577	0.015775	2.0
1512	-0.517721	4.449094	0.395654	0.055474	2.0
1513	-0.503901	5.448632	0.380702	0.033536	1.6
1514	-0.494638	6.443286	0.366904	0.036064	1.5
1515	-0.512129	7.442642	0.354012	0.040875	1.5
1516	-0.490676	6.540739	0.365606	0.051941	1.8
1517	-0.497288	5.638231	0.377992	0.058757	1.8
1518	-0.518556	6.638231	0.364316	0.044163	1.6
1519	-0.466507	7.638231	0.351595	0.038226	2.0
1520	-0.499522	8.638089	0.339733	0.052914	1.8
1521	-0.501132	9.638089	0.328645	0.017547	1.5
1522	-0.483282	10.631625	0.318322	0.033777	1.7
1523	-0.462729	11.631354	0.308570	0.029005	1.6
1524	-0.488436	10.924407	0.315403	0.052068	2.1
1525	-0.467342	11.924396	0.305823	0.047676	1.6
1526	-0.555782	11.021889	0.314443	0.051567	1.5
1527	-0.487703	12.021889	0.304920	0.046621	2.0
1528	-0.458677	13.021880	0.295958	0.031551	2.4
1529	-0.498020	13.915033	0.288387	0.030484	1.6
1530	-0.486606	14.914585	0.280361	0.038575	1.5
1531	-0.503216	14.013659	0.287575	0.042449	1.5
1532	-0.513284	15.006499	0.279645	0.015147	2.3
1533	-0.480851	14.310518	0.285157	0.050586	1.6
1534	-0.507648	15.306630	0.277334	0.061828	1.5
1535	-0.501854	16.002516	0.272118	0.057313	1.7
1536	-0.487361	15.100009	0.278921	0.056860	2.2
1537	-0.494157	14.197502	0.286073	0.054902	1.9
1538	-0.525242	14.627629	0.282619	0.047198	1.6
1539	-0.507301	15.627324	0.274905	0.043741	1.6
1540	-0.522015	14.724817	0.281850	0.053813	1.7
1541	-0.478067	13.852278	0.288906	0.045495	1.6
1542	-0.484128	12.949770	0.296587	0.031436	1.7
1543	-0.473551	13.949770	0.288101	0.064944	2.2
1544	-0.493544	13.047263	0.295737	0.060867	2.3
1545	-0.498821	14.047263	0.287299	0.014451	1.6
1546	-0.511273	14.980448	0.279848	0.041083	1.7
1547	-0.467387	15.884695	0.272987	0.027223	2.0
1548	-0.489552	15.351285	0.276993	0.045400	1.8
1549	-0.494678	16.300025	0.269947	0.035728	1.5
1550	-0.515230	17.300025	0.262899	0.032793	1.5
1551	-0.515408	17.980499	0.258310	0.048387	2.2
1552	-0.495966	17.077992	0.264432	0.034164	2.1
1553	-0.485337	18.077358	0.257670	0.049320	1.5
1554	-0.519705	19.077358	0.251240	0.022673	1.5
1555	-0.508141	20.077328	0.245124	0.035696	1.6
1556	-0.495196	19.188805	0.250544	0.038486	1.9
1557	-0.478052	18.654305	0.253921	0.051601	1.5
1558	-0.503429	19.654304	0.247675	0.052430	1.5
1559	-0.475868	20.654303	0.241729	0.038583	2.4
1560	-0.475702	19.754496	0.247066	0.028975	1.9
1561	-0.515781	20.709657	0.241408	0.029508	1.6
1562	-0.502120	19.812797	0.246713	0.042653	1.9
1563	-0.509076	20.812797	0.240813	0.050328	1.6
1564	-0.479013	21.812797	0.235188	0.024994	1.6
1565	-0.474783	21.008405	0.239691	0.039846	1.6
1566	-0.488133	20.124090	0.244845	0.029735	1.7
1567	-0.504881	19.221584	0.250339	0.070993	2.1
1568	-0.513678	18.389989	0.255625	0.027326	2.1
1569	-0.490596	17.487481	0.261619	0.020358	1.5
1570	-0.504963	18.180237	0.256993	0.049678	2.4
1571	-0.486736	17.842209	0.259230	0.027519	1.5
1572	-0.478171	18.842183	0.252723	0.062266	1.6
1573	-0.488410	18.690993	0.253686	0.047289	1.5
1574	-0.514892	17.788485	0.259589	0.025151	1.5
1575	-0.496570	16.885996	0.265772	0.022901	2.0
1576	-0.510060	17.853291	0.259156	0.057451	1.9
1577	-0.527926	17.291917	0.262955	0.049846	1.5
1578	-0.507738	18.291917	0.256263	0.035835	2.0
1579	-0.490926	19.291917	0.249902	0.045992	1.7
1580	-0.474116	18.389409	0.255628	0.043585	1.9
1581	-0.488480	19.389409	0.249299	0.028081	1.6
1582	-0.515014	18.486912	0.254997	0.044496	1.5
1583	-0.506812	17.595881	0.260884	0.043121	1.5
1584	-0.518659	18.595881	0.254295	0.027840	1.8
1585	-0.479786	17.693373	0.260227	0.022887	1.7
1586	-0.509711	18.624121	0.254114	0.022147	2.3
1587	-0.506227	17.724795	0.260016	0.078901	1.6
1588	-0.524279	18.375866	0.255716	0.046728	1.5
1589	-0.474339	19.375866	0.249383	0.066963	1.6
1590	-0.520638	18.473359	0.255085	0.043802	1.5
1591	-0.514942	19.473359	0.248782	0.048743	1.5
1592	-0.508343	20.473355	0.242784	0.029455	1.8
1593	-0.519656	19.570860	0.248184	0.056498	1.6
1594	-0.487555	18.668353	0.253831	0.029616	1.8
1595	-0.511516	19.668353	0.247589	0.024999	1.8
1596	-0.511930	18.765852	0.253208	0.034198	1.7
1597	-0.479568	19.504564	0.248590	0.071836	1.7
1598	-0.487596	19.973654	0.245744	0.035582	1.5
1599	-0.486416	20.973654	0.239890	0.051426	1.5
1600	-0.507900	21.973654	0.234307	0.032719	1.5
1601	-0.489325	21.071146	0.239334	0.068256	2.1
1602	-0.486087	22.071146	0.233777	0.041440	1.8
1603	-0.500319	23.071146	0.228473	0.025046	1.6
1604	-0.502605	24.071146	0.223403	0.026733	1.5
1605	-0.518306	23.363077	0.226969	0.043068	1.5
1606	-0.497747	24.363077	0.221966	0.031356	1.7
1607	-0.496773	25.363070	0.217178	0.064362	1.5
1608	-0.501286	24.463868	0.221474	0.043250	1.5
1609	-0.501511	25.463846	0.216707	0.035110	1.8
1610	-0.479678	24.574974	0.220934	0.030355	1.8
1611	-0.491452	23.672467	0.225397	0.058518	1.8
1612	-0.495045	22.769959	0.230045	0.038683	1.6
1613	-0.526602	23.769915	0.224907	0.031402	1.5
1614	-0.530716	24.769915	0.219993	0.039174	1.6
1615	-0.485463	23.867465	0.224418	0.038894	1.5
1616	-0.492342	22.964957	0.229024	0.043669	1.9
1617	-0.492767	23.896409	0.224273	0.063160	1.8
1618	-0.506633	24.896409	0.219386	0.025258	1.8
1619	-0.486700	25.896407	0.214708	0.022507	1.6
1620	-0.489777	25.009825	0.218846	0.019836	1.6
1621	-0.487413	25.492403	0.216574	0.037145	1.6
1622	-0.504608	24.793204	0.219881	0.026164	1.5
1623	-0.512133	25.792707	0.215184	0.027936	1.6
1624	-0.471617	26.703363	0.211076	0.020402	1.6
1625	-0.491631	27.701589	0.206750	0.021413	1.5
1626	-0.509997	26.799259	0.210653	0.092615	2.4
1627	-0.525455	25.896751	0.214707	0.024774	2.9
1628	-0.493997	24.994244	0.218920	0.013379	2.2
1629	-0.525081	24.126630	0.223129	0.048398	2.9
1630	-0.491575	25.110753	0.218367	0.038924	2.2
1631	-0.481421	26.110741	0.213731	0.075292	2.3
1632	-0.541610	25.208234	0.217906	0.056486	2.7
1633	-0.473329	24.306969	0.222241	0.042280	1.6
1634	-0.513726	23.404461	0.226758	0.035707	1.6
1635	-0.485444	24.404314	0.221764	0.046862	1.6
1636	-0.503077	25.404277	0.216985	0.029333	1.6
1637	-0.506527	26.404276	0.212408	0.031065	1.6
1638	-0.483193	25.501769	0.216530	0.025437	1.9
1639	-0.510539	24.599262	0.220816	0.080088	1.8
1640	-0.541608	25.598587	0.216081	0.046954	2.1
1641	-0.507850	26.598587	0.211541	0.039143	2.3
1642	-0.508790	26.224018	0.213219	0.016439	2.0
1643	-0.473729	25.321674	0.217372	0.048520	1.6
1644	-0.514015	24.419181	0.221692	0.029666	1.6
1645	-0.521484	23.516674	0.226186	0.046425	1.5
1646	-0.501273	24.493057	0.221332	0.019077	1.5
1647	-0.499316	23.591532	0.225806	0.046609	2.2
1648	-0.496934	22.689027	0.230471	0.048818	1.6
1649	-0.505338	21.863754	0.234908	0.023006	1.6
1650	-0.500906	22.674637	0.230547	0.015651	1.5
1651	-0.519447	23.657532	0.225473	0.046386	1.5
1652	-0.487483	22.755072	0.230123	0.064515	1.9
1653	-0.497218	21.852564	0.234970	0.043418	1.6
1654	-0.472389	20.950057	0.240025	0.049650	1.5
1655	-0.486933	20.047549	0.245302	0.035032	1.9
1656	-0.477873	19.145043	0.250817	0.039040	1.7
1657	-0.506880	18.242535	0.256585	0.039386	1.9
1658	-0.506722	17.346814	0.262578	0.012498	1.6
1659	-0.501767	16.446556	0.268891	0.066959	1.5
1660	-0.487116	17.445898	0.261902	0.052392	1.5
1661	-0.500256	18.445898	0.255262	0.021325	1.6
1662	-0.510503	19.434867	0.249019	0.021332	1.7
1663	-0.516651	19.927920	0.246019	0.047130	1.8
1664	-0.509099	20.923819	0.240175	0.038844	1.6
1665	-0.528973	20.021311	0.245459	0.037277	1.6
1666	-0.505418	19.118804	0.250981	0.037814	1.6
1667	-0.479082	20.117918	0.244882	0.032351	1.9
1668	-0.507123	20.895531	0.240337	0.047006	1.6
1669	-0.516445	19.993024	0.245628	0.039366	1.6
1670	-0.508371	20.993024	0.239779	0.024404	1.6
1671	-0.493227	20.091304	0.245041	0.081161	2.1
1672	-0.499524	19.188796	0.250544	0.023083	2.4
1673	-0.484701	18.286289	0.256299	0.053703	1.6
1674	-0.517089	19.215604	0.250377	0.026402	1.5
1675	-0.505781	18.313096	0.256125	0.025874	1.5
1676	-0.491648	17.545599	0.261224	0.027366	1.5
1677	-0.492822	16.657661	0.267384	0.051905	1.7
1678	-0.524592	17.657610	0.260467	0.036980	1.6
1679	-0.477275	16.755475	0.266691	0.031741	1.9
1680	-0.524547	17.400581	0.262211	0.056583	1.7
1681	-0.503215	17.063843	0.264531	0.040616	1.7
1682	-0.516787	16.161335	0.270955	0.061392	1.8
1683	-0.493822	15.258828	0.277699	0.019725	1.6
1684	-0.497142	16.258818	0.270246	0.039483	1.5
1685	-0.486309	16.155086	0.271001	0.055720	1.5
1686	-0.529060	17.062698	0.264538	0.043639	1.7
1687	-0.478365	16.160191	0.270963	0.024997	1.8
1688	-0.478261	15.262445	0.277672	0.012911	1.7
1689	-0.489782	14.771426	0.281483	0.047892	1.8
1690	-0.506048	13.868924	0.288769	0.063081	1.6
1691	-0.502318	12.966416	0.296441	0.045077	1.5
1692	-0.481591	13.966416	0.287963	0.035982	1.6
1693	-0.501202	14.727297	0.281831	0.031408	1.6
1694	-0.502162	13.827238	0.289114	0.046899	1.5
1695	-0.501417	12.924734	0.296806	0.031645	1.8
1696	-0.518672	12.022226	0.304917	0.020434	1.6
1697	-0.485581	13.019710	0.295977	0.022613	1.8
1698	-0.525538	12.318174	0.302209	0.021032	1.7
1699	-0.490331	12.778318	0.298092	0.038886	1.5
1700	-0.510380	11.876350	0.306270	0.033857	1.5
1701	-0.483245	12.876350	0.297229	0.044787	1.5
1702	-0.498850	11.973842	0.305365	0.046748	1.5
1703	-0.487870	12.973829	0.296377	0.043242	2.2
1704	-0.505214	13.973829	0.287902	0.063617	1.7
1705	-0.527213	14.971853	0.279915	0.060512	1.5
1706	-0.492361	14.069974	0.287113	0.038859	1.8
1707	-0.514633	15.062470	0.279211	0.031961	1.6
1708	-0.516516	16.062470	0.271678	0.021181	1.6
1709	-0.517977	17.060119	0.264556	0.025046	1.5
1710	-0.482522	16.544846	0.268187	0.033240	1.5
1711	-0.510567	15.642360	0.274793	0.047978	1.5
1712	-0.510548	14.739853	0.281732	0.063553	1.8
1713	-0.503397	13.837345	0.289030	0.032849	1.6
1714	-0.487534	14.828452	0.281035	0.025161	1.8
1715	-0.491703	15.825703	0.273424	0.034137	1.6
1716	-0.506642	14.923199	0.280294	0.048796	1.5
1717	-0.510902	14.022999	0.287498	0.072170	1.5
1718	-0.502874	15.022999	0.279517	0.055502	1.9
1719	-0.493989	14.123181	0.286678	0.035418	1.8
1720	-0.509251	15.122297	0.278749	0.050491	1.7
1721	-0.531602	14.219789	0.285892	0.044934	1.5
1722	-0.498519	15.127895	0.278706	0.044512	1.8
1723	-0.502338	14.228016	0.285825	0.037344	1.6
1724	-0.463896	15.228016	0.277935	0.037716	1.5
1725	-0.493056	16.228016	0.270470	0.033808	1.5
1726	-0.516725	15.325508	0.277189	0.019989	1.5
1727	-0.512787	15.517522	0.275732	0.052650	1.5
1728	-0.496187	16.517522	0.268383	0.063300	1.7
1729	-0.497346	17.517519	0.261415	0.030161	1.5
1730	-0.512656	18.505234	0.254879	0.032033	1.5
1731	-0.498219	17.602733	0.260838	0.029651	1.8
1732	-0.514445	17.425182	0.262043	0.056463	1.5
1733	-0.473182	16.522700	0.268346	0.046184	1.8
1734	-0.493194	15.620192	0.274959	0.048398	1.6
1735	-0.531042	16.620192	0.267650	0.025411	1.8
1736	-0.485373	15.717725	0.274229	0.023070	1.7
1737	-0.473340	16.716132	0.266969	0.038848	1.7
1738	-0.492499	17.716132	0.260074	0.034247	1.5
1739	-0.506822	16.888909	0.265752	0.027490	1.9
1740	-0.537893	15.988167	0.272223	0.046848	1.5
1741	-0.483333	16.988167	0.265057	0.033750	1.5
1742	-0.503496	17.987781	0.258262	0.064058	1.5
1743	-0.492829	18.987781	0.251803	0.054628	2.6
1744	-0.497790	18.085614	0.257615	0.026576	2.2
1745	-0.495968	19.085614	0.251189	0.027005	1.6
1746	-0.509159	19.234853	0.250257	0.049662	1.5
1747	-0.471476	18.464363	0.255143	0.023536	2.1
1748	-0.505306	17.561873	0.261114	0.029887	1.7
1749	-0.504670	18.560207	0.254525	0.031997	1.6
1750	-0.522003	17.658922	0.260459	0.035613	1.9
1751	-0.522313	16.756457	0.266684	0.035347	1.7
1752	-0.525014	15.854042	0.273214	0.019365	1.8
1753	-0.535648	14.951758	0.280071	0.034265	1.6
1754	-0.487937	15.027310	0.279484	0.038025	1.5
1755	-0.506011	14.562564	0.283136	0.070242	1.7
1756	-0.519598	13.667840	0.290443	0.055490	1.6
1757	-0.507226	12.765333	0.298207	0.039415	1.8
1758	-0.525609	13.765333	0.289629	0.038808	1.8
1759	-0.503436	14.765333	0.281531	0.076072	1.6
1760	-0.512719	15.736343	0.274090	0.028787	1.5
1761	-0.522659	14.833835	0.280993	0.025753	1.6
1762	-0.485693	15.833833	0.273364	0.067343	1.9
1763	-0.490505	14.931325	0.280230	0.034594	1.6
1764	-0.522378	14.028818	0.287450	0.028555	1.7
1765	-0.495649	15.008475	0.279630	0.037060	1.5
1766	-0.483708	14.119213	0.286711	0.033991	1.8
1767	-0.524498	13.333984	0.293268	0.036910	1.9
1768	-0.497510	12.431507	0.301184	0.028662	1.5
1769	-0.513371	13.431501	0.292437	0.059406	1.6
1770	-0.498057	12.535086	0.300254	0.023284	1.5
1771	-0.501793	11.632584	0.308558	0.048345	1.5
1772	-0.495620	12.630390	0.299403	0.048704	2.0
1773	-0.519446	13.628125	0.290777	0.037928	1.6
1774	-0.506435	12.726707	0.298548	0.030855	1.6
1775	-0.507359	11.824230	0.306757	0.054828	1.8
1776	-0.492489	12.824230	0.297687	0.027147	1.6
1777	-0.521015	13.514181	0.291737	0.049255	2.0
1778	-0.520214	12.612860	0.299559	0.047841	1.6
1779	-0.494159	13.612860	0.290905	0.029466	1.5
1780	-0.499045	14.612793	0.282737	0.041160	1.9
1781	-0.508004	13.710285	0.290088	0.021714	1.5
1782	-0.515465	12.807788	0.297832	0.068984	1.9
1783	-0.519197	11.905280	0.306001	0.030710	1.7
1784	-0.514336	11.002773	0.314630	0.043357	1.5
1785	-0.524081	11.997931	0.305142	0.032646	1.6
1786	-0.504119	11.095962	0.313717	0.033191	1.5
1787	-0.505610	10.193464	0.322794	0.031124	1.8
1788	-0.519126	11.193464	0.312767	0.069806	1.6
1789	-0.508587	12.193464	0.303344	0.073240	1.7
1790	-0.495875	13.130624	0.295015	0.013684	1.7
1791	-0.494945	12.228957	0.303020	0.021945	1.6
1792	-0.516831	12.389920	0.301560	0.037827	1.9
1793	-0.479852	11.516298	0.309662	0.031394	1.5
1794	-0.486296	11.433190	0.310455	0.087121	1.6
1795	-0.517005	12.429597	0.301202	0.064070	1.5
1796	-0.517400	12.398448	0.301483	0.036478	1.5
1797	-0.506632	13.398448	0.292718	0.036312	1.9
1798	-0.539387	12.514244	0.300441	0.037728	1.8
1799	-0.498064	11.611737	0.308755	0.023692	1.7
1800	-0.508271	10.709360	0.317542	0.035340	1.5
1801	-0.475141	9.902303	0.325835	0.022822	1.5
1802	-0.503996	9.012676	0.335493	0.034795	2.0
1803	-0.515316	10.005046	0.324755	0.043613	1.6
1804	-0.496374	9.102539	0.334492	0.042987	1.5
1805	-0.514909	8.597617	0.340198	0.039659	1.8
1806	-0.496445	7.695110	0.350898	0.041066	2.0
1807	-0.519805	6.792602	0.362292	0.054889	1.9
1808	-0.519558	7.792602	0.349710	0.043437	1.6
1809	-0.514610	6.890095	0.361026	0.091637	1.5
1810	-0.504390	7.890095	0.348529	0.048783	1.5
1811	-0.505385	6.987587	0.359768	0.048036	1.6
1812	-0.487298	6.090925	0.371676	0.029230	1.7
1813	-0.555694	5.188418	0.384485	0.023293	1.5
1814	-0.542932	6.188384	0.370344	0.028039	2.0
1815	-0.503719	5.290085	0.382998	0.027166	1.7
1816	-0.489410	4.388052	0.396606	0.037198	1.5
1817	-0.483762	5.140718	0.385186	0.022752	1.9
1818	-0.494881	4.238211	0.398960	0.049693	1.6
1819	-0.505793	4.814932	0.390047	0.027339	1.6
1820	-0.492320	5.814924	0.375502	0.041621	1.6
1821	-0.512522	6.814924	0.362002	0.072848	1.5
1822	-0.498791	5.932243	0.373866	0.040606	2.1
1823	-0.517546	6.861737	0.361393	0.053280	1.6
1824	-0.500320	7.861737	0.348872	0.035876	1.6
1825	-0.501830	8.861179	0.337195	0.054754	1.5
1826	-0.507812	9.861179	0.326269	0.037966	1.5
1827	-0.506873	10.045308	0.324334	0.056310	1.7
1828	-0.501071	9.142801	0.334045	0.058446	1.6
1829	-0.496771	10.142801	0.323319	0.034020	1.5
1830	-0.517948	11.136753	0.313319	0.036926	1.5
1831	-0.495118	12.136450	0.303866	0.027055	2.4
1832	-0.515216	11.252143	0.312198	0.034588	1.8
1833	-0.506066	11.116857	0.313513	0.021808	1.6
1834	-0.517760	12.090030	0.304293	0.037302	1.5
1835	-0.500372	12.463530	0.300896	0.037318	1.5
1836	-0.502767	13.463382	0.292167	0.048466	1.7
1837	-0.507595	14.463382	0.283928	0.028775	1.6
1838	-0.515965	13.560874	0.291342	0.049377	1.9
1839	-0.521438	14.248565	0.285658	0.034170	2.4
1840	-0.512993	13.346062	0.293165	0.025470	1.7
1841	-0.494254	12.564769	0.299989	0.033629	1.5
1842	-0.536741	13.458978	0.292204	0.038258	1.5
1843	-0.495457	14.457649	0.283974	0.026815	1.6
1844	-0.513080	13.666458	0.290455	0.029505	1.5
1845	-0.476297	14.666410	0.282312	0.033868	1.6
1846	-0.542074	15.666409	0.274612	0.033931	1.5
1847	-0.511014	15.935486	0.272612	0.044414	1.8
1848	-0.500202	15.032979	0.279440	0.029805	2.0
1849	-0.523937	14.296692	0.285269	0.039737	1.6
1850	-0.495871	13.394185	0.292754	0.047242	1.5
1851	-0.500106	12.491678	0.300643	0.027984	1.5
1852	-0.500244	13.320616	0.293382	0.022506	1.5
1853	-0.487719	12.418181	0.301304	0.019958	2.0
1854	-0.492268	12.437615	0.301129	0.034382	1.6
1855	-0.519415	11.537993	0.309455	0.026553	2.2
1856	-0.524542	10.636453	0.318274	0.034930	2.4
1857	-0.506463	9.733993	0.327619	0.047837	2.2
1858	-0.499863	9.450945	0.330665	0.032727	2.0
1859	-0.511994	8.548437	0.340764	0.027851	2.0
1860	-0.471644	8.059271	0.346500	0.021687	1.7
1861	-0.540212	7.194501	0.357128	0.044961	1.6
1862	-0.509967	8.194496	0.344895	0.029738	2.3
1863	-0.516890	7.344625	0.355237	0.023981	1.9
1864	-0.491174	6.459826	0.366683	0.018772	1.6
1865	-0.463578	5.557939	0.379135	0.033856	1.5
1866	-0.508670	6.337045	0.368330	0.022046	1.5
1867	-0.527955	7.337037	0.355332	0.028243	1.8
1868	-0.504618	8.337007	0.343220	0.037889	1.6
1869	-0.506079	7.448340	0.353941	0.038147	1.6
1870	-0.522217	6.545832	0.365538	0.017974	1.7
1871	-0.508566	5.643334	0.377920	0.043711	1.7
1872	-0.508774	6.643325	0.364249	0.028593	1.7
1873	-0.536551	7.642205	0.351546	0.015077	1.5
1874	-0.508519	8.497451	0.341353	0.030571	1.5
1875	-0.499443	7.598299	0.352086	0.035320	1.5
1876	-0.513481	8.598082	0.340193	0.018953	1.5
1877	-0.516726	9.598035	0.329075	0.034637	1.9
1878	-0.506828	10.358872	0.321091	0.039707	2.0
1879	-0.489419	11.358856	0.311168	0.061496	1.7
1880	-0.521902	12.174691	0.303516	0.048770	1.9
1881	-0.528373	11.272183	0.312004	0.034049	1.6
1882	-0.504037	10.369676	0.320980	0.042008	1.9
1883	-0.473682	11.369676	0.311064	0.047254	1.6
1884	-0.522706	10.467170	0.319986	0.048585	1.5
1885	-0.537010	11.467170	0.310130	0.041780	1.5
1886	-0.482152	12.467170	0.300863	0.046960	2.1
1887	-0.500576	13.467100	0.292135	0.031515	1.8
1888	-0.519646	12.569725	0.299944	0.043408	1.6
1889	-0.498632	13.459903	0.292196	0.040688	1.7
1890	-0.510833	12.557395	0.300055	0.042304	1.5
1891	-0.511568	13.557395	0.291372	0.023977	1.5
1892	-0.526736	14.557294	0.283178	0.018911	1.7
1893	-0.512399	14.994968	0.279735	0.023604	1.6
1894	-0.515512	15.951356	0.272495	0.039832	2.1
1895	-0.504407	15.048850	0.279317	0.044202	1.7
1896	-0.500489	14.147027	0.286484	0.019500	1.6
1897	-0.495778	14.988282	0.279787	0.056317	1.9
1898	-0.529048	15.216751	0.278022	0.041982	1.6
1899	-0.514160	14.314244	0.285127	0.020583	1.5
1900	-0.507276	13.411751	0.292605	0.041954	1.5
1901	-0.503208	12.510549	0.300474	0.059937	1.5
1902	-0.474125	11.608042	0.308790	0.022303	1.6
1903	-0.492014	10.705674	0.317579	0.047663	1.6
1904	-0.512581	11.610573	0.308766	0.019915	1.5
1905	-0.518609	10.708066	0.317555	0.037687	1.5
1906	-0.513229	10.213874	0.322582	0.038471	1.8
1907	-0.527370	9.316925	0.332126	0.037644	1.6
1908	-0.530451	10.308488	0.321608	0.033107	1.9
1909	-0.475801	9.406091	0.331152	0.052955	1.6
1910	-0.515981	10.405800	0.320611	0.054610	1.7
1911	-0.537957	11.405800	0.310717	0.020923	1.7
1912	-0.493164	10.890034	0.315743	0.031239	1.5
1913	-0.480385	10.066744	0.324110	0.036699	1.8
1914	-0.496029	11.066744	0.314003	0.036006	1.9
1915	-0.474481	10.164236	0.323096	0.033752	1.6
1916	-0.507654	9.268719	0.332655	0.042246	1.5
1917	-0.516952	8.366211	0.342879	0.056651	1.5
1918	-0.499499	7.463704	0.353750	0.043863	1.7
1919	-0.499293	7.798530	0.349638	0.079215	1.7
1920	-0.502560	8.794376	0.337951	0.067760	1.6
1921	-0.504166	7.891870	0.348508	0.019969	1.5
1922	-0.493753	6.989845	0.359739	0.031761	1.5
1923	-0.503757	7.982490	0.347418	0.043964	2.2
1924	-0.513629	7.079995	0.358584	0.020252	1.6
1925	-0.518043	6.178050	0.370485	0.027002	1.5
1926	-0.497148	7.173385	0.357396	0.039833	1.5
1927	-0.497098	6.272491	0.369202	0.047536	1.9
1928	-0.513989	7.272491	0.356143	0.048478	1.7
1929	-0.550006	8.269811	0.344008	0.016503	1.5
1930	-0.525358	7.367305	0.354953	0.032012	1.5
1931	-0.516175	7.482036	0.353523	0.055371	1.8
1932	-0.479026	8.480889	0.341545	0.041362	1.6
1933	-0.499862	7.578381	0.352331	0.013526	1.6
1934	-0.522780	6.977533	0.359898	0.055909	1.6
1935	-0.513204	6.079552	0.371832	0.019631	1.6
1936	-0.519953	7.079539	0.358590	0.053926	1.7
1937	-0.501926	8.079539	0.346259	0.032946	1.5
1938	-0.517761	7.177032	0.357349	0.053945	1.8
1939	-0.501403	6.274524	0.369174	0.048967	1.8
1940	-0.494756	5.372017	0.381808	0.018456	1.5
1941	-0.500766	6.369108	0.367898	0.038529	1.5
1942	-0.515759	6.898518	0.360917	0.036385	1.6
1943	-0.532965	6.228935	0.369792	0.041379	2.1
1944	-0.501807	7.228935	0.356692	0.040283	1.7
1945	-0.502602	8.228935	0.344489	0.026782	1.6
1946	-0.513943	7.562425	0.352528	0.039690	1.5
1947	-0.519217	8.559664	0.340635	0.032741	1.8
1948	-0.497951	7.794577	0.349686	0.029289	1.6
1949	-0.499542	6.915014	0.360704	0.032906	1.5
1950	-0.519642	7.821686	0.349357	0.029926	1.7
1951	-0.487656	6.922288	0.360610	0.054076	2.4
1952	-0.508459	7.922288	0.348141	0.029569	2.1
1953	-0.493394	8.168767	0.345200	0.048521	1.6
1954	-0.487198	8.835832	0.337482	0.041701	1.8
1955	-0.539223	7.933325	0.348009	0.038326	2.0
1956	-0.514750	8.029307	0.346858	0.027642	1.6
1957	-0.502896	9.029213	0.335308	0.059871	2.0
1958	-0.512997	10.029213	0.324502	0.045537	1.7
1959	-0.520033	11.029171	0.314371	0.030752	1.5
1960	-0.475488	11.533729	0.309496	0.044284	1.5
1961	-0.515317	12.533729	0.300266	0.044485	1.6
1962	-0.503304	11.631221	0.308571	0.054884	1.8
1963	-0.508128	10.728715	0.317348	0.050844	1.8
1964	-0.520692	11.728715	0.307652	0.062387	1.6
1965	-0.493600	12.728715	0.298530	0.025258	1.6
1966	-0.503839	11.826296	0.306737	0.026767	1.7
1967	-0.521351	11.906545	0.305989	0.055993	1.6
1968	-0.513576	11.004038	0.314618	0.048656	1.7
1969	-0.502083	10.101530	0.323748	0.057979	1.5
1970	-0.525799	9.218065	0.333213	0.044688	1.5
1971	-0.485475	8.315578	0.343471	0.023541	1.6
1972	-0.518767	9.307570	0.332229	0.085215	1.8
1973	-0.514056	8.405062	0.342426	0.042469	2.0
1974	-0.496200	7.502566	0.353268	0.054828	2.1
1975	-0.478897	6.656208	0.364079	0.043790	1.6
1976	-0.489819	7.656208	0.351374	0.055918	2.3
1977	-0.511949	6.753701	0.362800	0.040022	1.6
1978	-0.497211	5.851193	0.374994	0.033485	1.6
1979	-0.517335	4.948709	0.388037	0.078541	1.9
1980	-0.499082	4.046202	0.402019	0.043427	2.2
1981	-0.496584	5.046202	0.386584	0.039488	1.6
1982	-0.542042	4.143694	0.400460	0.036366	1.5
1983	-0.527311	3.246015	0.415287	0.045129	1.5
1984	-0.508266	4.246015	0.398837	0.038540	1.6
1985	-0.508433	5.246015	0.383641	0.044249	1.5
1986	-0.490808	4.989631	0.387426	0.050065	1.9
1987	-0.525194	4.087124	0.401363	0.070283	2.0
1988	-0.509309	3.184616	0.416341	0.044907	1.9
1989	-0.479533	4.075215	0.401554	0.020990	1.7
1990	-0.496864	5.075215	0.386154	0.046458	1.7
1991	-0.542460	6.020217	0.372649	0.063251	1.6
1992	-0.525790	5.117710	0.385526	0.062495	1.7
1993	-0.506027	6.117710	0.371309	0.052137	1.5
1994	-0.511875	7.117710	0.358103	0.045049	1.6
1995	-0.505285	8.117710	0.345805	0.056890	2.0
1996	-0.521400	7.244718	0.356493	0.049851	2.1
1997	-0.512944	8.192477	0.344919	0.036715	1.6
1998	-0.511968	9.192477	0.333495	0.063287	1.6
1999	-0.496793	10.192477	0.322804	0.034413	1.6
